{"producer":{"name":"Blender","version":"2.78 (sub 0)","exporter_version":"4.6.1","file":"Background_jpg.babylon"},
"autoClear":true,"clearColor":[0.001,0.001,0.001],"ambientColor":[0,0,0],"gravity":[0,-9.81,0],"fogMode":3,"fogColor":[0.001,0.001,0.001],"fogStart":50,"fogEnd":5,"fogDensity":0.1,
"materials":[{"name":"Background_jpg.Material.006","id":"Background_jpg.Material.006","ambient":[0.1149,0.1149,0.1149],"diffuse":[0.0919,0.0919,0.0919],"specular":[0,0,0],"emissive":[0,0,0],"specularPower":50,"alpha":1,"backFaceCulling":true,"checkReadyOnlyOnce":false},
{"name":"Background_jpg.Material.005","id":"Background_jpg.Material.005","ambient":[0.0637,0.0637,0.0637],"diffuse":[0.051,0.051,0.051],"specular":[0,0,0],"emissive":[0,0,0],"specularPower":50,"alpha":1,"backFaceCulling":true,"checkReadyOnlyOnce":false, 
"diffuseTexture":{"name":"Chain Main_Diff.png","level":1,"hasAlpha":1,"coordinatesMode":0,"uOffset":0,"vOffset":0,"uScale":1,"vScale":1,"uAng":0,"vAng":0,"wAng":0,"wrapU":1,"wrapV":1,"coordinatesIndex":0}},
{"name":"Background_jpg.Wolf Man.001","id":"Background_jpg.Wolf Man.001","ambient":[0,0,0],"diffuse":[0.8,0.8,0.8],"specular":[1,1,1],"emissive":[0,0,0],"specularPower":64,"alpha":1,"backFaceCulling":true,"checkReadyOnlyOnce":false, 
"diffuseTexture":{"name":"Background_jpg_Wolf_Man_001_TEXTURE.jpg","level":1,"hasAlpha":0,"coordinatesMode":0,"uOffset":0,"vOffset":0,"uScale":1,"vScale":1,"uAng":0,"vAng":0,"wAng":0,"wrapU":0,"wrapV":0,"coordinatesIndex":0}},
{"name":"Background_jpg.Material","id":"Background_jpg.Material","ambient":[0.8,0.8,0.8],"diffuse":[0.64,0.64,0.64],"specular":[0.5,0.5,0.5],"emissive":[0,0,0],"specularPower":50,"alpha":1,"backFaceCulling":true,"checkReadyOnlyOnce":false},
{"name":"Background_jpg.Material.001","id":"Background_jpg.Material.001","ambient":[0.016,0.016,0.016],"diffuse":[0.0128,0.0128,0.0128],"specular":[0,0,0],"emissive":[0,0,0],"specularPower":50,"alpha":1,"backFaceCulling":true,"checkReadyOnlyOnce":false},
{"name":"Background_jpg.Material.002","id":"Background_jpg.Material.002","ambient":[1,0,0],"diffuse":[0.8,0,0],"specular":[0,0,0],"emissive":[0.4,0,0],"specularPower":50,"alpha":1,"backFaceCulling":true,"checkReadyOnlyOnce":false},
{"name":"Background_jpg.Hands","id":"Background_jpg.Hands","ambient":[0,0,0],"diffuse":[0.8,0.8,0.8],"specular":[1,1,1],"emissive":[0,0,0],"specularPower":64,"alpha":1,"backFaceCulling":true,"checkReadyOnlyOnce":false, 
"diffuseTexture":{"name":"Background_jpg_Hands_TEXTURE.jpg","level":1,"hasAlpha":0,"coordinatesMode":0,"uOffset":0,"vOffset":0,"uScale":1,"vScale":1,"uAng":0,"vAng":0,"wAng":0,"wrapU":0,"wrapV":0,"coordinatesIndex":0}},
{"name":"Background_jpg.Material.004","id":"Background_jpg.Material.004","ambient":[0.0766,0.0766,0.0766],"diffuse":[0.0613,0.0613,0.0613],"specular":[0,0,0],"emissive":[0,0,0],"specularPower":50,"alpha":1,"backFaceCulling":true,"checkReadyOnlyOnce":false, 
"bumpTexture":{"name":"Chain_Normals.png","level":1,"hasAlpha":1,"coordinatesMode":0,"uOffset":0,"vOffset":0,"uScale":1,"vScale":1,"uAng":0,"vAng":0,"wAng":0,"wrapU":1,"wrapV":1,"coordinatesIndex":0}, 
"diffuseTexture":{"name":"Chain_Diff.png","level":1,"hasAlpha":1,"coordinatesMode":0,"uOffset":0,"vOffset":0,"uScale":1,"vScale":1,"uAng":0,"vAng":0,"wAng":0,"wrapU":1,"wrapV":1,"coordinatesIndex":0}},
{"name":"Background_jpg.Wolf Man","id":"Background_jpg.Wolf Man","ambient":[0,0,0],"diffuse":[0.8,0.8,0.8],"specular":[1,1,1],"emissive":[0,0,0],"specularPower":64,"alpha":1,"backFaceCulling":true,"checkReadyOnlyOnce":false, 
"diffuseTexture":{"name":"Background_jpg_Wolf_Man_TEXTURE.jpg","level":1,"hasAlpha":0,"coordinatesMode":0,"uOffset":0,"vOffset":0,"uScale":1,"vScale":1,"uAng":0,"vAng":0,"wAng":0,"wrapU":0,"wrapV":0,"coordinatesIndex":0}}],
"multiMaterials":[{"name":"Background_jpg.Multimaterial#0","id":"Background_jpg.Multimaterial#0","materials":["Background_jpg.Material","Background_jpg.Material.001","Background_jpg.Material.002"]},{"name":"Background_jpg.Multimaterial#1","id":"Background_jpg.Multimaterial#1","materials":["Background_jpg.Material","Background_jpg.Material.001","Background_jpg.Material.002"]}],
"skeletons":[{"name":"Armature","id":0,"dimensionsAtRest":[2.8125,5.8721,1.6997],"bones":[
{"name":"hips","index":0,"matrix":[1,0,0,0,0,0.9798,-0.1999,0,0,-0.1999,-0.9798,0,0,3.2184,0.3435,1],"rest":[1,0,0,0,0,0.9798,-0.1999,0,0,-0.1999,-0.9798,0,0,3.2184,0.3435,1],"parentBoneIndex":-1,"length":0.5756
,"animation":{"dataType":3,"framePerSecond":24,"keys":[
{"frame":0,"values":[1,0,0,0,0,0.9798,-0.1999,0,0,-0.1999,-0.9798,0,0,3.2184,0.3435,1]},
{"frame":41,"values":[1,0,0,0,0,0.9798,-0.1999,0,0,-0.1999,-0.9798,0,0,3.2184,0.3435,1]}],"loopBehavior":1,"name":"anim","property":"_matrix"}},
{"name":"spine","index":1,"matrix":[1,0,0,0,0,0.9347,-0.3553,0,0,0.3553,0.9347,0,0,0.5756,0,1],"rest":[1,0,0,0,0,0.9947,-0.1029,0,0,0.1029,0.9947,0,0,0.5756,0,1],"parentBoneIndex":0,"length":0.519
,"animation":{"dataType":3,"framePerSecond":24,"keys":[
{"frame":0,"values":[1,0,0,0,0,0.9347,-0.3553,0,0,0.3553,0.9347,0,0,0.5756,0,1]},
{"frame":27,"values":[1,0,0,0,0,0.944,-0.33,0,0,0.33,0.944,0,0,0.5756,0,1]},
{"frame":28,"values":[1,0,0,0,0,0.9685,-0.2491,0,0,0.2491,0.9685,0,0,0.5756,0,1]},
{"frame":29,"values":[1,0,0,0,0,0.9927,-0.1204,0,0,0.1204,0.9927,0,0,0.5756,0,1]},
{"frame":30,"values":[1,0,0,0,0,0.9997,0.0238,0,0,-0.0238,0.9997,0,0,0.5756,0,1]},
{"frame":31,"values":[1,0,0,0,0,0.9886,0.1505,0,0,-0.1505,0.9886,0,0,0.5756,0,1]},
{"frame":32,"values":[1,0,0,0,0,0.9584,0.2854,0,0,-0.2854,0.9584,0,0,0.5756,0,1]},
{"frame":33,"values":[1,0,0,0,0,0.8925,0.4511,0,0,-0.4511,0.8925,0,0,0.5756,0,1]},
{"frame":34,"values":[1,0,0,0,0,0.7985,0.602,0,0,-0.602,0.7985,0,0,0.5756,0,1]},
{"frame":35,"values":[1,0,0,0,0,0.7185,0.6955,0,0,-0.6955,0.7185,0,0,0.5756,0,1]},
{"frame":36,"values":[1,0,0,0,0,0.6894,0.7244,0,0,-0.7244,0.6894,0,0,0.5756,0,1]},
{"frame":37,"values":[1,0,0,0,0,0.7444,0.6677,0,0,-0.6677,0.7444,0,0,0.5756,0,1]},
{"frame":38,"values":[1,0,0,0,0,0.8763,0.4818,0,0,-0.4818,0.8763,0,0,0.5756,0,1]},
{"frame":39,"values":[1,0,0,0,0,0.9792,0.203,0,0,-0.203,0.9792,0,0,0.5756,0,1]},
{"frame":40,"values":[1,0,0,0,0,0.9997,-0.024,0,0,0.024,0.9997,0,0,0.5756,0,1]},
{"frame":41,"values":[1,0,0,0,0,0.9947,-0.1029,0,0,0.1029,0.9947,0,0,0.5756,0,1]}],"loopBehavior":1,"name":"anim","property":"_matrix"}},
{"name":"ribs","index":2,"matrix":[1,0,0,0,0,0.9687,-0.2484,0,0,0.2484,0.9687,0,0,0.519,0,1],"rest":[1,0,0,0,0,0.9426,-0.3339,0,0,0.3339,0.9426,0,0,0.519,0,1],"parentBoneIndex":1,"length":0.8773
,"animation":{"dataType":3,"framePerSecond":24,"keys":[
{"frame":0,"values":[1,0,0,0,0,0.9687,-0.2484,0,0,0.2484,0.9687,0,0,0.519,0,1]},
{"frame":1,"values":[1,0,0,0,0,0.9737,-0.2278,0,0,0.2278,0.9737,0,0,0.519,0,1]},
{"frame":2,"values":[1,0,0,0,0,0.9856,-0.1692,0,0,0.1692,0.9856,0,0,0.519,0,1]},
{"frame":3,"values":[1,0,0,0,0,0.9957,-0.0931,0,0,0.0931,0.9957,0,0,0.519,0,1]},
{"frame":4,"values":[1,0,0,0,0,0.9994,-0.0334,0,0,0.0334,0.9994,0,0,0.519,0,1]},
{"frame":5,"values":[1,0,0,0,0,0.9999,-0.0122,0,0,0.0122,0.9999,0,0,0.519,0,1]},
{"frame":11,"values":[1,0,0,0,0,1,0.0047,0,0,-0.0047,1,0,0,0.519,0,1]},
{"frame":12,"values":[1,0,0,0,0,0.9986,0.0522,0,0,-0.0522,0.9986,0,0,0.519,0,1]},
{"frame":13,"values":[1,0,0,0,0,0.9936,0.1131,0,0,-0.1131,0.9936,0,0,0.519,0,1]},
{"frame":14,"values":[1,0,0,0,0,0.9871,0.1603,0,0,-0.1603,0.9871,0,0,0.519,0,1]},
{"frame":15,"values":[1,0,0,0,0,0.9842,0.1769,0,0,-0.1769,0.9842,0,0,0.519,0,1]},
{"frame":27,"values":[1,0,0,0,0,0.9799,0.1996,0,0,-0.1996,0.9799,0,0,0.519,0,1]},
{"frame":28,"values":[1,0,0,0,0,0.9648,0.2632,0,0,-0.2632,0.9648,0,0,0.519,0,1]},
{"frame":29,"values":[1,0,0,0,0,0.9393,0.3431,0,0,-0.3431,0.9393,0,0,0.519,0,1]},
{"frame":30,"values":[1,0,0,0,0,0.9149,0.4037,0,0,-0.4037,0.9149,0,0,0.519,0,1]},
{"frame":31,"values":[1,0,0,0,0,0.9053,0.4248,0,0,-0.4248,0.9053,0,0,0.519,0,1]},
{"frame":37,"values":[1,0,0,0,0,0.9321,0.3623,0,0,-0.3623,0.9321,0,0,0.519,0,1]},
{"frame":38,"values":[1,0,0,0,0,0.9846,0.1749,0,0,-0.1749,0.9846,0,0,0.519,0,1]},
{"frame":39,"values":[1,0,0,0,0,0.997,-0.0774,0,0,0.0774,0.997,0,0,0.519,0,1]},
{"frame":40,"values":[1,0,0,0,0,0.9631,-0.2691,0,0,0.2691,0.9631,0,0,0.519,0,1]},
{"frame":41,"values":[1,0,0,0,0,0.9426,-0.3339,0,0,0.3339,0.9426,0,0,0.519,0,1]}],"loopBehavior":1,"name":"anim","property":"_matrix"}},
{"name":"neck","index":3,"matrix":[0.9916,0.046,-0.1212,0,0.036,0.8003,0.5985,0,0.1245,-0.5978,0.7919,0,0,0.8773,0,1],"rest":[1,0,0,0,0,0.8763,0.4817,0,0,-0.4817,0.8763,0,0,0.8773,0,1],"parentBoneIndex":2,"length":0.3226
,"animation":{"dataType":3,"framePerSecond":24,"keys":[
{"frame":0,"values":[0.9916,0.046,-0.1212,0,0.036,0.8003,0.5985,0,0.1245,-0.5978,0.7919,0,0,0.8773,0,1]},
{"frame":37,"values":[0.993,0.0413,-0.1108,0,0.0321,0.8077,0.5888,0,0.1138,-0.5882,0.8007,0,0,0.8773,0,1]},
{"frame":38,"values":[0.9963,0.0285,-0.081,0,0.0218,0.8278,0.5606,0,0.083,-0.5603,0.8241,0,0,0.8773,0,1]},
{"frame":39,"values":[0.999,0.0137,-0.0419,0,0.0102,0.8523,0.523,0,0.0429,-0.5229,0.8513,0,0,0.8773,0,1]},
{"frame":40,"values":[0.9999,0.0034,-0.011,0,0.0025,0.8702,0.4927,0,0.0113,-0.4927,0.8701,0,0,0.8773,0,1]},
{"frame":41,"values":[1,0,0,0,0,0.8763,0.4817,0,0,-0.4817,0.8763,0,0,0.8773,0,1]}],"loopBehavior":1,"name":"anim","property":"_matrix"}},
{"name":"head","index":4,"matrix":[0.79,-0.4425,-0.4243,0,0.5936,0.7253,0.3487,0,0.1534,-0.5273,0.8357,0,0,0.3226,0,1],"rest":[1,0,0,0,0,0.9231,0.3847,0,0,-0.3847,0.9231,0,0,0.3226,0,1],"parentBoneIndex":3,"length":0.4575
,"animation":{"dataType":3,"framePerSecond":24,"keys":[
{"frame":0,"values":[0.79,-0.4425,-0.4243,0,0.5936,0.7253,0.3487,0,0.1534,-0.5273,0.8357,0,0,0.3226,0,1]},
{"frame":1,"values":[0.813,-0.4616,-0.3549,0,0.5729,0.7429,0.3462,0,0.1038,-0.4848,0.8685,0,0,0.3226,0,1]},
{"frame":2,"values":[0.8723,-0.4687,-0.1391,0,0.4877,0.8143,0.3147,0,-0.0342,-0.3423,0.939,0,0,0.3226,0,1]},
{"frame":3,"values":[0.9271,-0.3471,0.1413,0,0.3205,0.9298,0.1807,0,-0.1941,-0.1222,0.9733,0,0,0.3226,0,1]},
{"frame":4,"values":[0.9433,-0.143,0.2996,0,0.1551,0.9878,-0.0168,0,-0.2935,0.0623,0.9539,0,0,0.3226,0,1]},
{"frame":5,"values":[0.9422,-0.0532,0.3309,0,0.0921,0.9904,-0.1031,0,-0.3223,0.1276,0.938,0,0,0.3226,0,1]},
{"frame":37,"values":[0.9512,-0.0816,0.2975,0,0.1039,0.9928,-0.0599,0,-0.2904,0.0879,0.9529,0,0,0.3226,0,1]},
{"frame":38,"values":[0.9727,-0.1251,0.1953,0,0.1158,0.9915,0.0587,0,-0.201,-0.0345,0.979,0,0,0.3226,0,1]},
{"frame":39,"values":[0.992,-0.1023,0.0739,0,0.0845,0.9733,0.2133,0,-0.0937,-0.2053,0.9742,0,0,0.3226,0,1]},
{"frame":40,"values":[0.9994,-0.0326,0.0118,0,0.0267,0.9403,0.3394,0,-0.0222,-0.3389,0.9406,0,0,0.3226,0,1]},
{"frame":41,"values":[1,0,0,0,0,0.9231,0.3847,0,0,-0.3847,0.9231,0,0,0.3226,0,1]}],"loopBehavior":1,"name":"anim","property":"_matrix"}},
{"name":"Eye_FullControl","index":5,"matrix":[0.9916,-0.018,-0.1284,0,0.036,0.9897,0.1389,0,0.1245,-0.1424,0.9819,0,0.0264,0.4886,0.4889,1],"rest":[1,0,0,0,0,1,0,0,0,0,1,0,0,0.5006,0.5355,1],"parentBoneIndex":4,"length":0.0739
,"animation":{"dataType":3,"framePerSecond":24,"keys":[
{"frame":0,"values":[0.9916,-0.018,-0.1284,0,0.036,0.9897,0.1389,0,0.1245,-0.1424,0.9819,0,0.0264,0.4886,0.4889,1]},
{"frame":37,"values":[0.993,-0.0172,-0.1169,0,0.0321,0.9914,0.1268,0,0.1138,-0.1297,0.985,0,0.0264,0.4886,0.4889,1]},
{"frame":38,"values":[0.9963,-0.014,-0.0847,0,0.0218,0.9955,0.0925,0,0.083,-0.094,0.9921,0,0.0264,0.4886,0.4889,1]},
{"frame":39,"values":[0.999,-0.0082,-0.0433,0,0.0102,0.9988,0.0478,0,0.0429,-0.0482,0.9979,0,0.0264,0.4886,0.4889,1]},
{"frame":40,"values":[0.9999,-0.0023,-0.0113,0,0.0025,0.9999,0.0125,0,0.0113,-0.0126,0.9999,0,0.0264,0.4886,0.4889,1]},
{"frame":41,"values":[1,0,0,0,0,1,0,0,0,0,1,0,0.0264,0.4886,0.4889,1]}],"loopBehavior":1,"name":"anim","property":"_matrix"}},
{"name":"Eye_IK.L","index":6,"matrix":[1,0,0,0,0,0.7924,-0.61,0,0,0.61,0.7924,0,0.1369,-0.0221,0.0238,1],"rest":[1,0,0,0,0,0.7924,-0.61,0,0,0.61,0.7924,0,0.1369,-0.0221,0.0238,1],"parentBoneIndex":5,"length":0.057
,"animation":{"dataType":3,"framePerSecond":24,"keys":[
{"frame":0,"values":[1,0,0,0,0,0.7924,-0.61,0,0,0.61,0.7924,0,0.1369,-0.0221,0.0238,1]},
{"frame":41,"values":[1,0,0,0,0,0.7924,-0.61,0,0,0.61,0.7924,0,0.1369,-0.0221,0.0238,1]}],"loopBehavior":1,"name":"anim","property":"_matrix"}},
{"name":"Eye.L","index":7,"matrix":[-0.9948,0.0498,0.0885,0,0.1015,0.5127,0.8525,0,-0.0029,0.8571,-0.5151,0,0.1369,0.3224,0.2613,1],"rest":[-1,0,0,0,0,0.4655,0.885,0,0,0.885,-0.4655,0,0.1369,0.3224,0.2613,1],"parentBoneIndex":4,"length":0.1117
,"animation":{"dataType":3,"framePerSecond":24,"keys":[
{"frame":0,"values":[-0.9948,0.0498,0.0885,0,0.1015,0.5127,0.8525,0,-0.0029,0.8571,-0.5151,0,0.1369,0.3224,0.2613,1]},
{"frame":37,"values":[-0.9949,0.0494,0.088,0,0.1009,0.5107,0.8538,0,-0.0028,0.8583,-0.5131,0,0.1369,0.3224,0.2613,1]},
{"frame":38,"values":[-0.9951,0.0481,0.0864,0,0.0988,0.5055,0.8572,0,-0.0024,0.8615,-0.5078,0,0.1369,0.3224,0.2613,1]},
{"frame":39,"values":[-0.9954,0.0462,0.0835,0,0.0953,0.4999,0.8608,0,-0.002,0.8648,-0.5021,0,0.1369,0.3224,0.2613,1]},
{"frame":40,"values":[-0.9958,0.0444,0.0806,0,0.092,0.4965,0.8632,0,-0.0017,0.8669,-0.4984,0,0.1369,0.3224,0.2613,1]},
{"frame":41,"values":[-0.9959,0.0437,0.0795,0,0.0907,0.4954,0.8639,0,-0.0016,0.8676,-0.4973,0,0.1369,0.3224,0.2613,1]}],"loopBehavior":1,"name":"anim","property":"_matrix"}},
{"name":"Eye_IK.R","index":8,"matrix":[1,0,0,0,0,0.7924,-0.61,0,0,0.61,0.7924,0,-0.1369,-0.0221,0.0238,1],"rest":[1,0,0,0,0,0.7924,-0.61,0,0,0.61,0.7924,0,-0.1369,-0.0221,0.0238,1],"parentBoneIndex":5,"length":0.057
,"animation":{"dataType":3,"framePerSecond":24,"keys":[
{"frame":0,"values":[1,0,0,0,0,0.7924,-0.61,0,0,0.61,0.7924,0,-0.1369,-0.0221,0.0238,1]},
{"frame":41,"values":[1,0,0,0,0,0.7924,-0.61,0,0,0.61,0.7924,0,-0.1369,-0.0221,0.0238,1]}],"loopBehavior":1,"name":"anim","property":"_matrix"}},
{"name":"Eye.R","index":9,"matrix":[-0.9952,0.0461,0.0865,0,0.0981,0.4731,0.8755,0,-0.0005,0.8798,-0.4754,0,-0.1369,0.3224,0.2613,1],"rest":[-1,0,0,0,0,0.4655,0.885,0,0,0.885,-0.4655,0,-0.1369,0.3224,0.2613,1],"parentBoneIndex":4,"length":0.1117
,"animation":{"dataType":3,"framePerSecond":24,"keys":[
{"frame":0,"values":[-0.9952,0.0461,0.0865,0,0.0981,0.4731,0.8755,0,-0.0005,0.8798,-0.4754,0,-0.1369,0.3224,0.2613,1]},
{"frame":37,"values":[-0.9953,0.0458,0.0857,0,0.0972,0.4752,0.8745,0,-0.0007,0.8787,-0.4774,0,-0.1369,0.3224,0.2613,1]},
{"frame":38,"values":[-0.9955,0.045,0.0836,0,0.0949,0.4811,0.8715,0,-0.001,0.8755,-0.4832,0,-0.1369,0.3224,0.2613,1]},
{"frame":39,"values":[-0.9957,0.0443,0.0813,0,0.0926,0.4882,0.8678,0,-0.0013,0.8716,-0.4902,0,-0.1369,0.3224,0.2613,1]},
{"frame":40,"values":[-0.9958,0.0438,0.0799,0,0.0912,0.4936,0.8649,0,-0.0016,0.8686,-0.4955,0,-0.1369,0.3224,0.2613,1]},
{"frame":41,"values":[-0.9959,0.0437,0.0795,0,0.0907,0.4954,0.8639,0,-0.0016,0.8676,-0.4973,0,-0.1369,0.3224,0.2613,1]}],"loopBehavior":1,"name":"anim","property":"_matrix"}},
{"name":"shoulder.L","index":10,"matrix":[0.4058,-0.2183,0.8875,0,0.8769,-0.1805,-0.4454,0,0.2574,0.959,0.1182,0,0.0554,0.6579,0.218,1],"rest":[0.4058,-0.2183,0.8875,0,0.8769,-0.1805,-0.4454,0,0.2574,0.959,0.1182,0,0.0554,0.6579,0.218,1],"parentBoneIndex":2,"length":0.7027
,"animation":{"dataType":3,"framePerSecond":24,"keys":[
{"frame":0,"values":[0.4058,-0.2183,0.8875,0,0.8769,-0.1805,-0.4454,0,0.2574,0.959,0.1182,0,0.0554,0.6579,0.218,1]},
{"frame":41,"values":[0.4058,-0.2183,0.8875,0,0.8769,-0.1805,-0.4454,0,0.2574,0.959,0.1182,0,0.0554,0.6579,0.218,1]}],"loopBehavior":1,"name":"anim","property":"_matrix"}},
{"name":"upper_arm.L","index":11,"matrix":[-0.6642,-0.5067,-0.5496,0,-0.063,0.7705,-0.6343,0,0.7449,-0.3867,-0.5437,0,0.0208,0.9056,-0.1111,1],"rest":[-0.4729,-0.5559,-0.6836,0,0.3032,0.6258,-0.7186,0,0.8273,-0.5471,-0.1274,0,0.0208,0.9056,-0.1111,1],"parentBoneIndex":10,"length":0.7287
,"animation":{"dataType":3,"framePerSecond":24,"keys":[
{"frame":0,"values":[-0.6642,-0.5067,-0.5496,0,-0.063,0.7705,-0.6343,0,0.7449,-0.3867,-0.5437,0,0.0208,0.9056,-0.1111,1]},
{"frame":6,"values":[-0.6518,-0.5087,-0.5625,0,-0.0365,0.7619,-0.6467,0,0.7575,-0.4009,-0.5152,0,0.0208,0.9056,-0.1111,1]},
{"frame":7,"values":[-0.6116,-0.5165,-0.5994,0,0.0459,0.7331,-0.6786,0,0.7899,-0.4425,-0.4246,0,0.0208,0.9056,-0.1111,1]},
{"frame":8,"values":[-0.5461,-0.533,-0.6463,0,0.1719,0.6838,-0.7091,0,0.8199,-0.4983,-0.2818,0,0.0208,0.9056,-0.1111,1]},
{"frame":9,"values":[-0.4727,-0.556,-0.6837,0,0.3035,0.6257,-0.7186,0,0.8273,-0.5472,-0.127,0,0.0208,0.9056,-0.1111,1]},
{"frame":10,"values":[-0.4106,-0.5785,-0.7048,0,0.4082,0.5745,-0.7094,0,0.8153,-0.579,0.0002,0,0.0208,0.9056,-0.1111,1]},
{"frame":11,"values":[-0.35,-0.603,-0.7168,0,0.5051,0.5229,-0.6866,0,0.7889,-0.6024,0.1216,0,0.0208,0.9056,-0.1111,1]},
{"frame":12,"values":[-0.2789,-0.6349,-0.7205,0,0.6123,0.4605,-0.6427,0,0.7398,-0.6204,0.2603,0,0.0208,0.9056,-0.1111,1]},
{"frame":13,"values":[-0.2134,-0.6672,-0.7137,0,0.7044,0.4011,-0.5856,0,0.6769,-0.6277,0.3844,0,0.0208,0.9056,-0.1111,1]},
{"frame":14,"values":[-0.1713,-0.6896,-0.7036,0,0.7602,0.3617,-0.5396,0,0.6267,-0.6273,0.4623,0,0.0208,0.9056,-0.1111,1]},
{"frame":15,"values":[-0.1578,-0.6971,-0.6994,0,0.7774,0.349,-0.5233,0,0.6089,-0.6263,0.4868,0,0.0208,0.9056,-0.1111,1]},
{"frame":16,"values":[-0.1845,-0.6824,-0.7073,0,0.7431,0.3742,-0.5548,0,0.6433,-0.6279,0.4381,0,0.0208,0.9056,-0.1111,1]},
{"frame":17,"values":[-0.2636,-0.6421,-0.7198,0,0.6343,0.4468,-0.6309,0,0.7267,-0.6229,0.2895,0,0.0208,0.9056,-0.1111,1]},
{"frame":18,"values":[-0.3696,-0.5949,-0.7138,0,0.4744,0.5398,-0.6954,0,0.799,-0.5957,0.0827,0,0.0208,0.9056,-0.1111,1]},
{"frame":19,"values":[-0.4508,-0.5636,-0.6922,0,0.3411,0.6078,-0.7171,0,0.8249,-0.5594,-0.0818,0,0.0208,0.9056,-0.1111,1]},
{"frame":20,"values":[-0.4786,-0.554,-0.6812,0,0.2932,0.6305,-0.7187,0,0.8276,-0.5437,-0.1393,0,0.0208,0.9056,-0.1111,1]},
{"frame":22,"values":[-0.4029,-0.5815,-0.7068,0,0.4208,0.568,-0.7073,0,0.8128,-0.5824,0.0158,0,0.0208,0.9056,-0.1111,1]},
{"frame":23,"values":[-0.1571,-0.6975,-0.6992,0,0.7783,0.3483,-0.5224,0,0.6079,-0.6262,0.4881,0,0.0208,0.9056,-0.1111,1]},
{"frame":24,"values":[0.0883,-0.8784,-0.4697,0,0.9959,0.0872,0.024,0,0.0199,-0.4699,0.8825,0,0.0208,0.9056,-0.1111,1]},
{"frame":25,"values":[0.1224,-0.9688,-0.2156,0,0.8866,0.0091,0.4624,0,-0.446,-0.2477,0.8601,0,0.0208,0.9056,-0.1111,1]},
{"frame":26,"values":[0.1063,-0.9852,-0.1343,0,0.8119,0.0081,0.5837,0,-0.574,-0.1711,0.8008,0,0.0208,0.9056,-0.1111,1]},
{"frame":32,"values":[0.1074,-0.9846,-0.1382,0,0.816,0.0079,0.578,0,-0.568,-0.1749,0.8043,0,0.0208,0.9056,-0.1111,1]},
{"frame":33,"values":[0.1114,-0.9817,-0.1542,0,0.832,0.0073,0.5547,0,-0.5435,-0.1901,0.8176,0,0.0208,0.9056,-0.1111,1]},
{"frame":34,"values":[0.1183,-0.9751,-0.1877,0,0.8631,0.0075,0.5049,0,-0.4909,-0.2218,0.8425,0,0.0208,0.9056,-0.1111,1]},
{"frame":35,"values":[0.1247,-0.9629,-0.2395,0,0.9051,0.0115,0.425,0,-0.4065,-0.2698,0.8729,0,0.0208,0.9056,-0.1111,1]},
{"frame":36,"values":[0.1256,-0.9441,-0.3048,0,0.9474,0.023,0.3192,0,-0.2943,-0.3288,0.8973,0,0.0208,0.9056,-0.1111,1]},
{"frame":37,"values":[0.1052,-0.8998,-0.4233,0,0.9917,0.0635,0.1115,0,-0.0735,-0.4316,0.8991,0,0.0208,0.9056,-0.1111,1]},
{"frame":38,"values":[-0.0062,-0.7942,-0.6077,0,0.9432,0.1971,-0.2673,0,0.3321,-0.5748,0.7479,0,0.0208,0.9056,-0.1111,1]},
{"frame":39,"values":[-0.2313,-0.6581,-0.7166,0,0.68,0.4174,-0.6028,0,0.6958,-0.6267,0.3509,0,0.0208,0.9056,-0.1111,1]},
{"frame":40,"values":[-0.4146,-0.577,-0.7037,0,0.4017,0.5778,-0.7105,0,0.8166,-0.5772,-0.0078,0,0.0208,0.9056,-0.1111,1]},
{"frame":41,"values":[-0.4729,-0.5559,-0.6836,0,0.3032,0.6258,-0.7186,0,0.8273,-0.5471,-0.1274,0,0.0208,0.9056,-0.1111,1]}],"loopBehavior":1,"name":"anim","property":"_matrix"}},
{"name":"forearm.L","index":12,"matrix":[0.9947,-0.1028,0.0097,0,0.0874,0.888,0.4514,0,-0.055,-0.4482,0.8923,0,0,0.7287,0,1],"rest":[0.9947,-0.1028,0.0097,0,0.1002,0.9836,0.15,0,-0.0249,-0.1482,0.9886,0,0,0.7287,0,1],"parentBoneIndex":11,"length":0.9132
,"animation":{"dataType":3,"framePerSecond":24,"keys":[
{"frame":0,"values":[0.9947,-0.1028,0.0097,0,0.0874,0.888,0.4514,0,-0.055,-0.4482,0.8923,0,0,0.7287,0,1]},
{"frame":37,"values":[0.9947,-0.1028,0.0097,0,0.0889,0.9003,0.4261,0,-0.0525,-0.423,0.9046,0,0,0.7287,0,1]},
{"frame":38,"values":[0.9947,-0.1028,0.0097,0,0.0928,0.9311,0.3529,0,-0.0453,-0.3501,0.9356,0,0,0.7287,0,1]},
{"frame":39,"values":[0.9947,-0.1028,0.0097,0,0.0969,0.962,0.2554,0,-0.0356,-0.2531,0.9668,0,0,0.7287,0,1]},
{"frame":40,"values":[0.9947,-0.1028,0.0097,0,0.0994,0.979,0.1778,0,-0.0277,-0.1758,0.984,0,0,0.7287,0,1]},
{"frame":41,"values":[0.9947,-0.1028,0.0097,0,0.1002,0.9836,0.15,0,-0.0249,-0.1482,0.9886,0,0,0.7287,0,1]}],"loopBehavior":1,"name":"anim","property":"_matrix"}},
{"name":"hand.L","index":13,"matrix":[0.0918,-0.1019,-0.9906,0,0.4918,0.8696,-0.0439,0,0.8659,-0.4831,0.1299,0,0,0.9132,0,1],"rest":[0.0918,-0.1019,-0.9906,0,0.1967,0.977,-0.0823,0,0.9762,-0.1873,0.1097,0,0,0.9132,0,1],"parentBoneIndex":12,"length":0.2958
,"animation":{"dataType":3,"framePerSecond":24,"keys":[
{"frame":0,"values":[0.0918,-0.1019,-0.9906,0,0.4918,0.8696,-0.0439,0,0.8659,-0.4831,0.1299,0,0,0.9132,0,1]},
{"frame":37,"values":[0.0918,-0.1019,-0.9906,0,0.4672,0.8829,-0.0475,0,0.8794,-0.4584,0.1286,0,0,0.9132,0,1]},
{"frame":38,"values":[0.0918,-0.1019,-0.9906,0,0.3958,0.9165,-0.0576,0,0.9137,-0.3868,0.1244,0,0,0.9132,0,1]},
{"frame":39,"values":[0.0918,-0.1019,-0.9906,0,0.3004,0.9512,-0.07,0,0.9494,-0.2912,0.1179,0,0,0.9132,0,1]},
{"frame":40,"values":[0.0918,-0.1019,-0.9906,0,0.2241,0.9714,-0.0792,0,0.9702,-0.2147,0.112,0,0,0.9132,0,1]},
{"frame":41,"values":[0.0918,-0.1019,-0.9906,0,0.1967,0.977,-0.0823,0,0.9762,-0.1873,0.1097,0,0,0.9132,0,1]}],"loopBehavior":1,"name":"anim","property":"_matrix"}},
{"name":"palm.01.L","index":14,"matrix":[0.99,0.0022,-0.1407,0,0.0216,0.9856,0.1675,0,0.1391,-0.1689,0.9758,0,-0.1192,0.169,-0.0192,1],"rest":[0.99,0.0022,-0.1407,0,0.0216,0.9856,0.1675,0,0.1391,-0.1689,0.9758,0,-0.1192,0.169,-0.0192,1],"parentBoneIndex":13,"length":0.231
,"animation":{"dataType":3,"framePerSecond":24,"keys":[
{"frame":0,"values":[0.99,0.0022,-0.1407,0,0.0216,0.9856,0.1675,0,0.1391,-0.1689,0.9758,0,-0.1192,0.169,-0.0192,1]},
{"frame":41,"values":[0.99,0.0022,-0.1407,0,0.0216,0.9856,0.1675,0,0.1391,-0.1689,0.9758,0,-0.1192,0.169,-0.0192,1]}],"loopBehavior":1,"name":"anim","property":"_matrix"}},
{"name":"finger_index.01.L","index":15,"matrix":[0.9998,0.0182,0.0052,0,-0.0181,0.9996,-0.0221,0,-0.0056,0.022,0.9997,0,0,0.231,0,1],"rest":[0.9998,0.0182,0.0052,0,-0.0185,0.9977,0.0651,0,-0.004,-0.0652,0.9979,0,0,0.231,0,1],"parentBoneIndex":14,"length":0.1617
,"animation":{"dataType":3,"framePerSecond":24,"keys":[
{"frame":0,"values":[0.9998,0.0182,0.0052,0,-0.0181,0.9996,-0.0221,0,-0.0056,0.022,0.9997,0,0,0.231,0,1]},
{"frame":40,"values":[0.9998,0.0182,0.0052,0,-0.0183,0.9994,0.0288,0,-0.0047,-0.0289,0.9996,0,0,0.231,0,1]},
{"frame":41,"values":[0.9998,0.0182,0.0052,0,-0.0185,0.9977,0.0651,0,-0.004,-0.0652,0.9979,0,0,0.231,0,1]}],"loopBehavior":1,"name":"anim","property":"_matrix"}},
{"name":"finger_index.02.L","index":16,"matrix":[0.9975,0.0647,-0.0272,0,-0.0406,0.8477,0.529,0,0.0573,-0.5266,0.8482,0,0,0.1617,0,1],"rest":[0.9975,0.0647,-0.0272,0,-0.0585,0.9806,0.1872,0,0.0388,-0.1851,0.9819,0,0,0.1617,0,1],"parentBoneIndex":15,"length":0.11
,"animation":{"dataType":3,"framePerSecond":24,"keys":[
{"frame":0,"values":[0.9975,0.0647,-0.0272,0,-0.0406,0.8477,0.529,0,0.0573,-0.5266,0.8482,0,0,0.1617,0,1]},
{"frame":37,"values":[0.9975,0.0647,-0.0272,0,-0.0428,0.8682,0.4943,0,0.0556,-0.492,0.8688,0,0,0.1617,0,1]},
{"frame":38,"values":[0.9975,0.0647,-0.0272,0,-0.0489,0.9186,0.392,0,0.0504,-0.3898,0.9195,0,0,0.1617,0,1]},
{"frame":39,"values":[0.9975,0.0647,-0.0272,0,-0.0558,0.9659,0.2528,0,0.0426,-0.2507,0.9671,0,0,0.1617,0,1]},
{"frame":40,"values":[0.9975,0.0647,-0.0272,0,-0.0584,0.9798,0.191,0,0.039,-0.189,0.9812,0,0,0.1617,0,1]},
{"frame":41,"values":[0.9975,0.0647,-0.0272,0,-0.0585,0.9806,0.1872,0,0.0388,-0.1851,0.9819,0,0,0.1617,0,1]}],"loopBehavior":1,"name":"anim","property":"_matrix"}},
{"name":"finger_index.03.L","index":17,"matrix":[0.9986,0.0245,0.0477,0,-0.0427,0.9015,0.4308,0,-0.0325,-0.4322,0.9012,0,0,0.11,0,1],"rest":[0.9986,0.0245,0.0477,0,-0.0281,0.9967,0.0765,0,-0.0457,-0.0777,0.9959,0,0,0.11,0,1],"parentBoneIndex":16,"length":0.1324
,"animation":{"dataType":3,"framePerSecond":24,"keys":[
{"frame":0,"values":[0.9986,0.0245,0.0477,0,-0.0427,0.9015,0.4308,0,-0.0325,-0.4322,0.9012,0,0,0.11,0,1]},
{"frame":37,"values":[0.9986,0.0245,0.0477,0,-0.0413,0.9181,0.3941,0,-0.0342,-0.3955,0.9178,0,0,0.11,0,1]},
{"frame":38,"values":[0.9986,0.0245,0.0477,0,-0.0372,0.9573,0.2869,0,-0.0387,-0.2882,0.9568,0,0,0.11,0,1]},
{"frame":39,"values":[0.9986,0.0245,0.0477,0,-0.0311,0.9892,0.1433,0,-0.0437,-0.1446,0.9885,0,0,0.11,0,1]},
{"frame":40,"values":[0.9986,0.0245,0.0477,0,-0.0283,0.9964,0.0804,0,-0.0456,-0.0816,0.9956,0,0,0.11,0,1]},
{"frame":41,"values":[0.9986,0.0245,0.0477,0,-0.0281,0.9967,0.0765,0,-0.0457,-0.0777,0.9959,0,0,0.11,0,1]}],"loopBehavior":1,"name":"anim","property":"_matrix"}},
{"name":"thumb.01.L","index":18,"matrix":[-0.2777,-0.0249,-0.9603,0,-0.7771,0.5936,0.2093,0,0.5649,0.8044,-0.1842,0,-0.0093,-0.0581,0.0474,1],"rest":[-0.2777,-0.0249,-0.9603,0,-0.7771,0.5936,0.2093,0,0.5649,0.8044,-0.1842,0,-0.0093,-0.0581,0.0474,1],"parentBoneIndex":14,"length":0.1796
,"animation":{"dataType":3,"framePerSecond":24,"keys":[
{"frame":0,"values":[-0.2777,-0.0249,-0.9603,0,-0.7771,0.5936,0.2093,0,0.5649,0.8044,-0.1842,0,-0.0093,-0.0581,0.0474,1]},
{"frame":41,"values":[-0.2777,-0.0249,-0.9603,0,-0.7771,0.5936,0.2093,0,0.5649,0.8044,-0.1842,0,-0.0093,-0.0581,0.0474,1]}],"loopBehavior":1,"name":"anim","property":"_matrix"}},
{"name":"thumb.02.L","index":19,"matrix":[0.9934,0.0737,-0.0878,0,-0.0206,0.8679,0.4962,0,0.1128,-0.4912,0.8637,0,0,0.1796,0,1],"rest":[0.9934,0.0737,-0.0878,0,-0.0206,0.8679,0.4962,0,0.1128,-0.4912,0.8637,0,0,0.1796,0,1],"parentBoneIndex":18,"length":0.1045
,"animation":{"dataType":3,"framePerSecond":24,"keys":[
{"frame":0,"values":[0.9934,0.0737,-0.0878,0,-0.0206,0.8679,0.4962,0,0.1128,-0.4912,0.8637,0,0,0.1796,0,1]},
{"frame":41,"values":[0.9934,0.0737,-0.0878,0,-0.0206,0.8679,0.4962,0,0.1128,-0.4912,0.8637,0,0,0.1796,0,1]}],"loopBehavior":1,"name":"anim","property":"_matrix"}},
{"name":"thumb.03.L","index":20,"matrix":[0.9976,-0.0633,-0.0278,0,0.0657,0.9935,0.0931,0,0.0218,-0.0947,0.9953,0,0,0.1045,0,1],"rest":[0.9976,-0.0633,-0.0278,0,0.0657,0.9935,0.0931,0,0.0218,-0.0947,0.9953,0,0,0.1045,0,1],"parentBoneIndex":19,"length":0.1827
,"animation":{"dataType":3,"framePerSecond":24,"keys":[
{"frame":0,"values":[0.9976,-0.0633,-0.0278,0,0.0657,0.9935,0.0931,0,0.0218,-0.0947,0.9953,0,0,0.1045,0,1]},
{"frame":41,"values":[0.9976,-0.0633,-0.0278,0,0.0657,0.9935,0.0931,0,0.0218,-0.0947,0.9953,0,0,0.1045,0,1]}],"loopBehavior":1,"name":"anim","property":"_matrix"}},
{"name":"palm.02.L","index":21,"matrix":[0.9958,-0.0617,0.0677,0,0.0476,0.9801,0.1929,0,-0.0782,-0.1888,0.9789,0,-0.0032,0.1704,-0.0279,1],"rest":[0.9958,-0.0617,0.0677,0,0.0476,0.9801,0.1929,0,-0.0782,-0.1888,0.9789,0,-0.0032,0.1704,-0.0279,1],"parentBoneIndex":13,"length":0.2333
,"animation":{"dataType":3,"framePerSecond":24,"keys":[
{"frame":0,"values":[0.9958,-0.0617,0.0677,0,0.0476,0.9801,0.1929,0,-0.0782,-0.1888,0.9789,0,-0.0032,0.1704,-0.0279,1]},
{"frame":41,"values":[0.9958,-0.0617,0.0677,0,0.0476,0.9801,0.1929,0,-0.0782,-0.1888,0.9789,0,-0.0032,0.1704,-0.0279,1]}],"loopBehavior":1,"name":"anim","property":"_matrix"}},
{"name":"finger_middle.01.L","index":22,"matrix":[0.9982,-0.0354,0.0476,0,0.015,0.9271,0.3746,0,-0.0574,-0.3732,0.926,0,0,0.2333,0,1],"rest":[0.9982,-0.0354,0.0476,0,0.0307,0.9948,0.0972,0,-0.0508,-0.0956,0.9941,0,0,0.2333,0,1],"parentBoneIndex":21,"length":0.1655
,"animation":{"dataType":3,"framePerSecond":24,"keys":[
{"frame":0,"values":[0.9982,-0.0354,0.0476,0,0.015,0.9271,0.3746,0,-0.0574,-0.3732,0.926,0,0,0.2333,0,1]},
{"frame":37,"values":[0.9982,-0.0354,0.0476,0,0.0165,0.9363,0.3509,0,-0.057,-0.3495,0.9352,0,0,0.2333,0,1]},
{"frame":38,"values":[0.9982,-0.0354,0.0476,0,0.0205,0.9589,0.2829,0,-0.0556,-0.2814,0.958,0,0,0.2333,0,1]},
{"frame":39,"values":[0.9982,-0.0354,0.0476,0,0.0256,0.9808,0.1933,0,-0.0535,-0.1917,0.98,0,0,0.2333,0,1]},
{"frame":40,"values":[0.9982,-0.0354,0.0476,0,0.0294,0.992,0.1225,0,-0.0515,-0.1209,0.9913,0,0,0.2333,0,1]},
{"frame":41,"values":[0.9982,-0.0354,0.0476,0,0.0307,0.9948,0.0972,0,-0.0508,-0.0956,0.9941,0,0,0.2333,0,1]}],"loopBehavior":1,"name":"anim","property":"_matrix"}},
{"name":"finger_middle.02.L","index":23,"matrix":[0.9981,-0.0618,0.0043,0,0.043,0.74,0.6712,0,-0.0447,-0.6698,0.7412,0,0,0.1655,0,1],"rest":[0.9981,-0.0618,0.0043,0,0.0613,0.9953,0.0748,0,-0.0089,-0.0744,0.9972,0,0,0.1655,0,1],"parentBoneIndex":22,"length":0.1388
,"animation":{"dataType":3,"framePerSecond":24,"keys":[
{"frame":0,"values":[0.9981,-0.0618,0.0043,0,0.043,0.74,0.6712,0,-0.0447,-0.6698,0.7412,0,0,0.1655,0,1]},
{"frame":37,"values":[0.9981,-0.0618,0.0043,0,0.0455,0.7779,0.6267,0,-0.0421,-0.6253,0.7792,0,0,0.1655,0,1]},
{"frame":38,"values":[0.9981,-0.0618,0.0043,0,0.0518,0.8703,0.4898,0,-0.034,-0.4886,0.8718,0,0,0.1655,0,1]},
{"frame":39,"values":[0.9981,-0.0618,0.0043,0,0.0578,0.9539,0.2945,0,-0.0223,-0.2937,0.9556,0,0,0.1655,0,1]},
{"frame":40,"values":[0.9981,-0.0618,0.0043,0,0.0607,0.9892,0.133,0,-0.0125,-0.1325,0.9911,0,0,0.1655,0,1]},
{"frame":41,"values":[0.9981,-0.0618,0.0043,0,0.0613,0.9953,0.0748,0,-0.0089,-0.0744,0.9972,0,0,0.1655,0,1]}],"loopBehavior":1,"name":"anim","property":"_matrix"}},
{"name":"finger_middle.03.L","index":24,"matrix":[0.9991,-0.0294,-0.032,0,0.0435,0.7066,0.7063,0,0.0019,-0.707,0.7072,0,0,0.1388,0,1],"rest":[0.9991,-0.0294,-0.032,0,0.0332,0.9918,0.1234,0,0.0281,-0.1243,0.9918,0,0,0.1388,0,1],"parentBoneIndex":23,"length":0.1586
,"animation":{"dataType":3,"framePerSecond":24,"keys":[
{"frame":0,"values":[0.9991,-0.0294,-0.032,0,0.0435,0.7066,0.7063,0,0.0019,-0.707,0.7072,0,0,0.1388,0,1]},
{"frame":37,"values":[0.9991,-0.0294,-0.032,0,0.0433,0.7467,0.6637,0,0.0044,-0.6645,0.7473,0,0,0.1388,0,1]},
{"frame":38,"values":[0.9991,-0.0294,-0.032,0,0.042,0.846,0.5315,0,0.0115,-0.5324,0.8464,0,0,0.1388,0,1]},
{"frame":39,"values":[0.9991,-0.0294,-0.032,0,0.0386,0.9394,0.3406,0,0.0201,-0.3416,0.9396,0,0,0.1388,0,1]},
{"frame":40,"values":[0.9991,-0.0294,-0.032,0,0.0348,0.9828,0.1812,0,0.0262,-0.1822,0.9829,0,0,0.1388,0,1]},
{"frame":41,"values":[0.9991,-0.0294,-0.032,0,0.0332,0.9918,0.1234,0,0.0281,-0.1243,0.9918,0,0,0.1388,0,1]}],"loopBehavior":1,"name":"anim","property":"_matrix"}},
{"name":"palm.03.L","index":25,"matrix":[0.9768,-0.1663,0.1347,0,0.1529,0.9827,0.1044,0,-0.1497,-0.0814,0.9854,0,0.077,0.1605,-0.0176,1],"rest":[0.9768,-0.1663,0.1347,0,0.1529,0.9827,0.1044,0,-0.1497,-0.0814,0.9854,0,0.077,0.1605,-0.0176,1],"parentBoneIndex":13,"length":0.225
,"animation":{"dataType":3,"framePerSecond":24,"keys":[
{"frame":0,"values":[0.9768,-0.1663,0.1347,0,0.1529,0.9827,0.1044,0,-0.1497,-0.0814,0.9854,0,0.077,0.1605,-0.0176,1]},
{"frame":41,"values":[0.9768,-0.1663,0.1347,0,0.1529,0.9827,0.1044,0,-0.1497,-0.0814,0.9854,0,0.077,0.1605,-0.0176,1]}],"loopBehavior":1,"name":"anim","property":"_matrix"}},
{"name":"finger_ring.01.L","index":26,"matrix":[0.976,-0.1668,-0.14,0,0.2171,0.6976,0.6828,0,-0.0162,-0.6968,0.7171,0,0,0.225,0,1],"rest":[0.976,-0.1668,-0.14,0,0.1996,0.9422,0.269,0,0.087,-0.2905,0.9529,0,0,0.225,0,1],"parentBoneIndex":25,"length":0.1525
,"animation":{"dataType":3,"framePerSecond":24,"keys":[
{"frame":0,"values":[0.976,-0.1668,-0.14,0,0.2171,0.6976,0.6828,0,-0.0162,-0.6968,0.7171,0,0,0.225,0,1]},
{"frame":37,"values":[0.976,-0.1668,-0.14,0,0.2176,0.7268,0.6514,0,-0.0069,-0.6663,0.7457,0,0,0.225,0,1]},
{"frame":38,"values":[0.976,-0.1668,-0.14,0,0.2169,0.8023,0.5562,0,0.0196,-0.5732,0.8192,0,0,0.225,0,1]},
{"frame":39,"values":[0.976,-0.1668,-0.14,0,0.2111,0.882,0.4214,0,0.0532,-0.4408,0.896,0,0,0.225,0,1]},
{"frame":40,"values":[0.976,-0.1668,-0.14,0,0.2031,0.9289,0.3096,0,0.0784,-0.3306,0.9405,0,0,0.225,0,1]},
{"frame":41,"values":[0.976,-0.1668,-0.14,0,0.1996,0.9422,0.269,0,0.087,-0.2905,0.9529,0,0,0.225,0,1]}],"loopBehavior":1,"name":"anim","property":"_matrix"}},
{"name":"finger_ring.02.L","index":27,"matrix":[0.9973,-0.0364,-0.0634,0,0.0731,0.5149,0.8541,0,0.0016,-0.8565,0.5162,0,0,0.1525,0,1],"rest":[0.9973,-0.0364,-0.0634,0,0.0427,0.9939,0.1013,0,0.0593,-0.1038,0.9928,0,0,0.1525,0,1],"parentBoneIndex":26,"length":0.0938
,"animation":{"dataType":3,"framePerSecond":24,"keys":[
{"frame":0,"values":[0.9973,-0.0364,-0.0634,0,0.0731,0.5149,0.8541,0,0.0016,-0.8565,0.5162,0,0,0.1525,0,1]},
{"frame":37,"values":[0.9973,-0.0364,-0.0634,0,0.0727,0.5831,0.8091,0,0.0075,-0.8116,0.5842,0,0,0.1525,0,1]},
{"frame":38,"values":[0.9973,-0.0364,-0.0634,0,0.069,0.7539,0.6534,0,0.024,-0.656,0.7544,0,0,0.1525,0,1]},
{"frame":39,"values":[0.9973,-0.0364,-0.0634,0,0.0589,0.9135,0.4024,0,0.0433,-0.4051,0.9132,0,0,0.1525,0,1]},
{"frame":40,"values":[0.9973,-0.0364,-0.0634,0,0.0474,0.9822,0.182,0,0.0556,-0.1845,0.9813,0,0,0.1525,0,1]},
{"frame":41,"values":[0.9973,-0.0364,-0.0634,0,0.0427,0.9939,0.1013,0,0.0593,-0.1038,0.9928,0,0,0.1525,0,1]}],"loopBehavior":1,"name":"anim","property":"_matrix"}},
{"name":"finger_ring.03.L","index":28,"matrix":[0.9998,0.0202,0.0002,0,-0.0127,0.6227,0.7823,0,0.0157,-0.7822,0.6228,0,0,0.0938,0,1],"rest":[0.9998,0.0202,0.0002,0,-0.0202,0.9994,-0.0271,0,-0.0007,0.0271,0.9996,0,0,0.0938,0,1],"parentBoneIndex":27,"length":0.1103
,"animation":{"dataType":3,"framePerSecond":24,"keys":[
{"frame":0,"values":[0.9998,0.0202,0.0002,0,-0.0127,0.6227,0.7823,0,0.0157,-0.7822,0.6228,0,0,0.0938,0,1]},
{"frame":37,"values":[0.9998,0.0202,0.0002,0,-0.014,0.6845,0.7289,0,0.0146,-0.7287,0.6846,0,0,0.0938,0,1]},
{"frame":38,"values":[0.9998,0.0202,0.0002,0,-0.017,0.8335,0.5522,0,0.011,-0.5521,0.8337,0,0,0.0938,0,1]},
{"frame":39,"values":[0.9998,0.0202,0.0002,0,-0.0195,0.9591,0.2824,0,0.0056,-0.2824,0.9593,0,0,0.0938,0,1]},
{"frame":40,"values":[0.9998,0.0202,0.0002,0,-0.0202,0.9983,0.0546,0,0.0009,-0.0546,0.9985,0,0,0.0938,0,1]},
{"frame":41,"values":[0.9998,0.0202,0.0002,0,-0.0202,0.9994,-0.0271,0,-0.0007,0.0271,0.9996,0,0,0.0938,0,1]}],"loopBehavior":1,"name":"anim","property":"_matrix"}},
{"name":"shoulder.R","index":29,"matrix":[0.4058,0.2183,-0.8875,0,-0.8769,-0.1805,-0.4454,0,-0.2574,0.959,0.1182,0,-0.0554,0.6579,0.218,1],"rest":[0.4058,0.2183,-0.8875,0,-0.8769,-0.1805,-0.4454,0,-0.2574,0.959,0.1182,0,-0.0554,0.6579,0.218,1],"parentBoneIndex":2,"length":0.7027
,"animation":{"dataType":3,"framePerSecond":24,"keys":[
{"frame":0,"values":[0.4058,0.2183,-0.8875,0,-0.8769,-0.1805,-0.4454,0,-0.2574,0.959,0.1182,0,-0.0554,0.6579,0.218,1]},
{"frame":41,"values":[0.4058,0.2183,-0.8875,0,-0.8769,-0.1805,-0.4454,0,-0.2574,0.959,0.1182,0,-0.0554,0.6579,0.218,1]}],"loopBehavior":1,"name":"anim","property":"_matrix"}},
{"name":"upper_arm.R","index":30,"matrix":[-0.6642,0.5067,0.5496,0,0.063,0.7705,-0.6343,0,-0.7449,-0.3867,-0.5437,0,-0.0208,0.9056,-0.1111,1],"rest":[-0.4729,0.5559,0.6836,0,-0.3032,0.6258,-0.7186,0,-0.8273,-0.5471,-0.1274,0,-0.0208,0.9056,-0.1111,1],"parentBoneIndex":29,"length":0.7287
,"animation":{"dataType":3,"framePerSecond":24,"keys":[
{"frame":0,"values":[-0.6642,0.5067,0.5496,0,0.063,0.7705,-0.6343,0,-0.7449,-0.3867,-0.5437,0,-0.0208,0.9056,-0.1111,1]},
{"frame":1,"values":[-0.6361,0.5115,0.5777,0,0.0039,0.7509,-0.6605,0,-0.7716,-0.4179,-0.4797,0,-0.0208,0.9056,-0.1111,1]},
{"frame":2,"values":[-0.5459,0.533,0.6464,0,-0.1722,0.6837,-0.7092,0,-0.82,-0.4985,-0.2814,0,-0.0208,0.9056,-0.1111,1]},
{"frame":3,"values":[-0.4139,0.5773,0.7039,0,-0.4029,0.5772,-0.7103,0,-0.8163,-0.5776,-0.0063,0,-0.0208,0.9056,-0.1111,1]},
{"frame":4,"values":[-0.3082,0.6213,0.7204,0,-0.569,0.4865,-0.663,0,-0.7624,-0.6142,0.2036,0,-0.0208,0.9056,-0.1111,1]},
{"frame":5,"values":[-0.2721,0.6381,0.7203,0,-0.6221,0.4544,-0.6375,0,-0.7341,-0.6216,0.2733,0,-0.0208,0.9056,-0.1111,1]},
{"frame":6,"values":[-0.2866,0.6312,0.7207,0,-0.6009,0.4674,-0.6484,0,-0.7461,-0.6189,0.2454,0,-0.0208,0.9056,-0.1111,1]},
{"frame":7,"values":[-0.3299,0.6117,0.719,0,-0.5361,0.5055,-0.676,0,-0.777,-0.6085,0.1612,0,-0.0208,0.9056,-0.1111,1]},
{"frame":8,"values":[-0.393,0.5854,0.7091,0,-0.4369,0.5597,-0.7042,0,-0.8091,-0.5866,0.0358,0,-0.0208,0.9056,-0.1111,1]},
{"frame":9,"values":[-0.4556,0.5619,0.6904,0,-0.3329,0.6117,-0.7176,0,-0.8256,-0.5568,-0.0916,0,-0.0208,0.9056,-0.1111,1]},
{"frame":10,"values":[-0.5022,0.5462,0.6704,0,-0.2517,0.6493,-0.7176,0,-0.8273,-0.5291,-0.1886,0,-0.0208,0.9056,-0.1111,1]},
{"frame":11,"values":[-0.541,0.5344,0.6494,0,-0.1813,0.6799,-0.7106,0,-0.8212,-0.5021,-0.2709,0,-0.0208,0.9056,-0.1111,1]},
{"frame":12,"values":[-0.5807,0.5237,0.6233,0,-0.1064,0.7102,-0.6959,0,-0.8071,-0.4704,-0.3567,0,-0.0208,0.9056,-0.1111,1]},
{"frame":13,"values":[-0.6137,0.516,0.5976,0,-0.0416,0.7347,-0.6771,0,-0.7884,-0.4404,-0.4294,0,-0.0208,0.9056,-0.1111,1]},
{"frame":14,"values":[-0.6338,0.5119,0.5798,0,-0.0008,0.7492,-0.6623,0,-0.7735,-0.4203,-0.4745,0,-0.0208,0.9056,-0.1111,1]},
{"frame":15,"values":[-0.6404,0.5107,0.5737,0,0.0126,0.7538,-0.6569,0,-0.768,-0.4134,-0.4892,0,-0.0208,0.9056,-0.1111,1]},
{"frame":16,"values":[-0.6111,0.5166,0.5997,0,-0.0468,0.7328,-0.6788,0,-0.7901,-0.4429,-0.4237,0,-0.0208,0.9056,-0.1111,1]},
{"frame":17,"values":[-0.5178,0.5414,0.6624,0,-0.2237,0.6617,-0.7156,0,-0.8257,-0.5187,-0.2215,0,-0.0208,0.9056,-0.1111,1]},
{"frame":18,"values":[-0.3841,0.5889,0.7111,0,-0.4512,0.5522,-0.7011,0,-0.8055,-0.5901,0.0537,0,-0.0208,0.9056,-0.1111,1]},
{"frame":19,"values":[-0.2792,0.6347,0.7205,0,-0.6118,0.4608,-0.6429,0,-0.7401,-0.6204,0.2597,0,-0.0208,0.9056,-0.1111,1]},
{"frame":20,"values":[-0.2434,0.652,0.7181,0,-0.663,0.4285,-0.6138,0,-0.7079,-0.6255,0.328,0,-0.0208,0.9056,-0.1111,1]},
{"frame":22,"values":[-0.1804,0.6847,0.7062,0,-0.7485,0.3703,-0.5502,0,-0.6382,-0.6278,0.4457,0,-0.0208,0.9056,-0.1111,1]},
{"frame":23,"values":[-0.0109,0.7907,0.6121,0,-0.9391,0.2021,-0.2778,0,-0.3434,-0.5779,0.7403,0,-0.0208,0.9056,-0.1111,1]},
{"frame":24,"values":[0.1174,0.92,0.3738,0,-0.9787,0.0433,0.2009,0,0.1686,-0.3894,0.9055,0,-0.0208,0.9056,-0.1111,1]},
{"frame":25,"values":[0.1131,0.9804,0.1614,0,-0.8389,0.0072,0.5443,0,0.5325,-0.1969,0.8232,0,-0.0208,0.9056,-0.1111,1]},
{"frame":26,"values":[0.0932,0.9913,0.093,0,-0.7667,0.0119,0.6419,0,0.6352,-0.1311,0.7612,0,-0.0208,0.9056,-0.1111,1]},
{"frame":32,"values":[0.0972,0.9898,0.1043,0,-0.7796,0.0106,0.6262,0,0.6187,-0.1421,0.7727,0,-0.0208,0.9056,-0.1111,1]},
{"frame":33,"values":[0.1084,0.9839,0.142,0,-0.8199,0.0077,0.5725,0,0.5622,-0.1785,0.8075,0,-0.0208,0.9056,-0.1111,1]},
{"frame":34,"values":[0.1213,0.9708,0.2071,0,-0.8797,0.0085,0.4754,0,0.4598,-0.2399,0.855,0,-0.0208,0.9056,-0.1111,1]},
{"frame":35,"values":[0.1261,0.9482,0.2917,0,-0.9399,0.0201,0.3409,0,0.3174,-0.3171,0.8937,0,-0.0208,0.9056,-0.1111,1]},
{"frame":36,"values":[0.1152,0.9158,0.3848,0,-0.9823,0.0473,0.1815,0,0.148,-0.3988,0.905,0,-0.0208,0.9056,-0.1111,1]},
{"frame":37,"values":[0.0684,0.8573,0.5103,0,-0.9921,0.1125,-0.0561,0,-0.1055,-0.5024,0.8582,0,-0.0208,0.9056,-0.1111,1]},
{"frame":38,"values":[-0.0682,0.7511,0.6567,0,-0.8826,0.2614,-0.3907,0,-0.4651,-0.6062,0.6451,0,-0.0208,0.9056,-0.1111,1]},
{"frame":39,"values":[-0.2741,0.6371,0.7204,0,-0.6192,0.4562,-0.6391,0,-0.7359,-0.6212,0.2694,0,-0.0208,0.9056,-0.1111,1]},
{"frame":40,"values":[-0.4254,0.5729,0.7006,0,-0.3838,0.5868,-0.713,0,-0.8196,-0.5722,-0.0297,0,-0.0208,0.9056,-0.1111,1]},
{"frame":41,"values":[-0.4729,0.5559,0.6836,0,-0.3032,0.6258,-0.7186,0,-0.8273,-0.5471,-0.1274,0,-0.0208,0.9056,-0.1111,1]}],"loopBehavior":1,"name":"anim","property":"_matrix"}},
