<<<<<<< HEAD
{"producer":{"name":"Blender","version":"2.78 (sub 0)","exporter_version":"4.6.1","file":"kirito.babylon"},
"autoClear":true,"clearColor":[0.0509,0.0509,0.0509],"ambientColor":[0,0,0],"gravity":[0,-9.81,0],
"materials":[{"name":"kirito.main","id":"kirito.main","ambient":[0.64,0.64,0.64],"diffuse":[0.512,0.512,0.512],"specular":[0.5,0.5,0.5],"emissive":[0,0,0],"specularPower":48,"alpha":1,"backFaceCulling":true,"checkReadyOnlyOnce":false, 
"diffuseTexture":{"name":"kirito.png","level":1,"hasAlpha":1,"coordinatesMode":0,"uOffset":0,"vOffset":0,"uScale":1,"vScale":1,"uAng":0,"vAng":0,"wAng":0,"wrapU":1,"wrapV":1,"coordinatesIndex":0}}],
"multiMaterials":[],
"skeletons":[{"name":"Armature","id":0,"dimensionsAtRest":[0.6313,2.0573,0.1805],"bones":[
{"name":"Stomach","index":0,"matrix":[1,0,0,0,0,0.9823,-0.1872,0,0,-0.1872,-0.9823,0,0,0,0.1026,1],"rest":[1,0,0,0,0,0.9823,-0.1872,0,0,-0.1872,-0.9823,0,0,0,0.1026,1],"parentBoneIndex":-1,"length":0.2545
,"animation":{"dataType":3,"framePerSecond":24,"keys":[
{"frame":1,"values":[1,0,0,0,0,0.9823,-0.1872,0,0,-0.1872,-0.9823,0,0,0,0.1026,1]},
{"frame":60,"values":[1,0,0,0,0,0.9823,-0.1872,0,0,-0.1872,-0.9823,0,0,0,0.1026,1]},
{"frame":71,"values":[1,0,0,0,0,0.9823,-0.1872,0,0,-0.1872,-0.9823,0,0,0,0.1026,1]},
{"frame":130,"values":[1,0,0,0,0,0.9823,-0.1872,0,0,-0.1872,-0.9823,0,0,0,0.1026,1]},
{"frame":141,"values":[1,0,0,0,0,0.9823,-0.1872,0,0,-0.1872,-0.9823,0,0,0,0.1026,1]},
{"frame":200,"values":[1,0,0,0,0,0.9823,-0.1872,0,0,-0.1872,-0.9823,0,0,0,0.1026,1]},
{"frame":211,"values":[1,0,0,0,0,0.9823,-0.1872,0,0,-0.1872,-0.9823,0,0,0,0.1026,1]},
{"frame":270,"values":[1,0,0,0,0,0.9823,-0.1872,0,0,-0.1872,-0.9823,0,0,0,0.1026,1]},
{"frame":281,"values":[1,0,0,0,0,0.9823,-0.1872,0,0,-0.1872,-0.9823,0,0,0,0.1026,1]},
{"frame":340,"values":[1,0,0,0,0,0.9823,-0.1872,0,0,-0.1872,-0.9823,0,0,0,0.1026,1]}],"loopBehavior":1,"name":"anim","property":"_matrix"}},
{"name":"ChestBottom","index":1,"matrix":[1,0,0,0,0,0.9659,-0.2589,0,0,0.2589,0.9659,0,0,0.2545,0,1],"rest":[1,0,0,0,0,0.9659,-0.2589,0,0,0.2589,0.9659,0,0,0.2545,0,1],"parentBoneIndex":0,"length":0.2507
,"animation":{"dataType":3,"framePerSecond":24,"keys":[
{"frame":1,"values":[1,0,0,0,0,0.9659,-0.2589,0,0,0.2589,0.9659,0,0,0.2545,0,1]},
{"frame":60,"values":[1,0,0,0,0,0.9659,-0.2589,0,0,0.2589,0.9659,0,0,0.2545,0,1]},
{"frame":71,"values":[1,0,0,0,0,0.9659,-0.2589,0,0,0.2589,0.9659,0,0,0.2545,0,1]},
{"frame":130,"values":[1,0,0,0,0,0.9659,-0.2589,0,0,0.2589,0.9659,0,0,0.2545,0,1]},
{"frame":141,"values":[1,0,0,0,0,0.9659,-0.2589,0,0,0.2589,0.9659,0,0,0.2545,0,1]},
{"frame":200,"values":[1,0,0,0,0,0.9659,-0.2589,0,0,0.2589,0.9659,0,0,0.2545,0,1]},
{"frame":211,"values":[1,0,0,0,0,0.9659,-0.2589,0,0,0.2589,0.9659,0,0,0.2545,0,1]},
{"frame":270,"values":[1,0,0,0,0,0.9659,-0.2589,0,0,0.2589,0.9659,0,0,0.2545,0,1]},
{"frame":281,"values":[1,0,0,0,0,0.9659,-0.2589,0,0,0.2589,0.9659,0,0,0.2545,0,1]},
{"frame":340,"values":[1,0,0,0,0,0.9659,-0.2589,0,0,0.2589,0.9659,0,0,0.2545,0,1]}],"loopBehavior":1,"name":"anim","property":"_matrix"}},
{"name":"ChestUpper","index":2,"matrix":[1,0,0,0,0,1,-0.0065,0,0,0.0065,1,0,0,0.2507,0,1],"rest":[1,0,0,0,0,1,-0.0065,0,0,0.0065,1,0,0,0.2507,0,1],"parentBoneIndex":1,"length":0.1679
,"animation":{"dataType":3,"framePerSecond":24,"keys":[
{"frame":1,"values":[1,0,0,0,0,1,-0.0065,0,0,0.0065,1,0,0,0.2507,0,1]},
{"frame":60,"values":[1,0,0,0,0,1,-0.0065,0,0,0.0065,1,0,0,0.2507,0,1]},
{"frame":71,"values":[1,0,0,0,0,1,-0.0065,0,0,0.0065,1,0,0,0.2507,0,1]},
{"frame":130,"values":[1,0,0,0,0,1,-0.0065,0,0,0.0065,1,0,0,0.2507,0,1]},
{"frame":141,"values":[1,0,0,0,0,1,-0.0065,0,0,0.0065,1,0,0,0.2507,0,1]},
{"frame":200,"values":[1,0,0,0,0,1,-0.0065,0,0,0.0065,1,0,0,0.2507,0,1]},
{"frame":211,"values":[1,0,0,0,0,1,-0.0065,0,0,0.0065,1,0,0,0.2507,0,1]},
{"frame":270,"values":[1,0,0,0,0,1,-0.0065,0,0,0.0065,1,0,0,0.2507,0,1]},
{"frame":281,"values":[1,0,0,0,0,1,-0.0065,0,0,0.0065,1,0,0,0.2507,0,1]},
{"frame":340,"values":[1,0,0,0,0,1,-0.0065,0,0,0.0065,1,0,0,0.2507,0,1]}],"loopBehavior":1,"name":"anim","property":"_matrix"}},
{"name":"Neck","index":3,"matrix":[1,0,0,0,0,0.8342,0.5514,0,0,-0.5514,0.8342,0,0,0.1679,0,1],"rest":[1,0,0,0,0,0.8342,0.5514,0,0,-0.5514,0.8342,0,0,0.1679,0,1],"parentBoneIndex":2,"length":0.0943
,"animation":{"dataType":3,"framePerSecond":24,"keys":[
{"frame":1,"values":[1,0,0,0,0,0.8342,0.5514,0,0,-0.5514,0.8342,0,0,0.1679,0,1]},
{"frame":60,"values":[1,0,0,0,0,0.8342,0.5514,0,0,-0.5514,0.8342,0,0,0.1679,0,1]},
{"frame":71,"values":[1,0,0,0,0,0.8342,0.5514,0,0,-0.5514,0.8342,0,0,0.1679,0,1]},
{"frame":130,"values":[1,0,0,0,0,0.8342,0.5514,0,0,-0.5514,0.8342,0,0,0.1679,0,1]},
{"frame":141,"values":[1,0,0,0,0,0.8342,0.5514,0,0,-0.5514,0.8342,0,0,0.1679,0,1]},
{"frame":200,"values":[1,0,0,0,0,0.8342,0.5514,0,0,-0.5514,0.8342,0,0,0.1679,0,1]},
{"frame":211,"values":[1,0,0,0,0,0.8342,0.5514,0,0,-0.5514,0.8342,0,0,0.1679,0,1]},
{"frame":270,"values":[1,0,0,0,0,0.8342,0.5514,0,0,-0.5514,0.8342,0,0,0.1679,0,1]},
{"frame":281,"values":[1,0,0,0,0,0.8342,0.5514,0,0,-0.5514,0.8342,0,0,0.1679,0,1]},
{"frame":340,"values":[1,0,0,0,0,0.8342,0.5514,0,0,-0.5514,0.8342,0,0,0.1679,0,1]}],"loopBehavior":1,"name":"anim","property":"_matrix"}},
{"name":"Head","index":4,"matrix":[1,0,0,0,0,0.9994,-0.0336,0,0,0.0336,0.9994,0,0,0.0943,0,1],"rest":[1,0,0,0,0,0.9994,-0.0336,0,0,0.0336,0.9994,0,0,0.0943,0,1],"parentBoneIndex":3,"length":0.1518
,"animation":{"dataType":3,"framePerSecond":24,"keys":[
{"frame":1,"values":[1,0,0,0,0,0.9994,-0.0336,0,0,0.0336,0.9994,0,0,0.0943,0,1]},
{"frame":60,"values":[1,0,0,0,0,0.9994,-0.0336,0,0,0.0336,0.9994,0,0,0.0943,0,1]},
{"frame":71,"values":[1,0,0,0,0,0.9994,-0.0336,0,0,0.0336,0.9994,0,0,0.0943,0,1]},
{"frame":130,"values":[1,0,0,0,0,0.9994,-0.0336,0,0,0.0336,0.9994,0,0,0.0943,0,1]},
{"frame":141,"values":[1,0,0,0,0,0.9994,-0.0336,0,0,0.0336,0.9994,0,0,0.0943,0,1]},
{"frame":200,"values":[1,0,0,0,0,0.9994,-0.0336,0,0,0.0336,0.9994,0,0,0.0943,0,1]},
{"frame":211,"values":[1,0,0,0,0,0.9994,-0.0336,0,0,0.0336,0.9994,0,0,0.0943,0,1]},
{"frame":270,"values":[1,0,0,0,0,0.9994,-0.0336,0,0,0.0336,0.9994,0,0,0.0943,0,1]},
{"frame":281,"values":[1,0,0,0,0,0.9994,-0.0336,0,0,0.0336,0.9994,0,0,0.0943,0,1]},
{"frame":340,"values":[1,0,0,0,0,0.9994,-0.0336,0,0,0.0336,0.9994,0,0,0.0943,0,1]}],"loopBehavior":1,"name":"anim","property":"_matrix"}},
{"name":"ShoulderLeft","index":5,"matrix":[0,-0.08,0.9968,0,1,0,0,0,0,0.9968,0.08,0,0,0.1679,0,1],"rest":[0,-0.08,0.9968,0,1,0,0,0,0,0.9968,0.08,0,0,0.1679,0,1],"parentBoneIndex":2,"length":0.1964
,"animation":{"dataType":3,"framePerSecond":24,"keys":[
{"frame":1,"values":[0,-0.08,0.9968,0,1,0,0,0,0,0.9968,0.08,0,0,0.1679,0,1]},
{"frame":60,"values":[0,-0.08,0.9968,0,1,0,0,0,0,0.9968,0.08,0,0,0.1679,0,1]},
{"frame":71,"values":[0,-0.08,0.9968,0,1,0,0,0,0,0.9968,0.08,0,0,0.1679,0,1]},
{"frame":130,"values":[0,-0.08,0.9968,0,1,0,0,0,0,0.9968,0.08,0,0,0.1679,0,1]},
{"frame":141,"values":[0,-0.08,0.9968,0,1,0,0,0,0,0.9968,0.08,0,0,0.1679,0,1]},
{"frame":200,"values":[0,-0.08,0.9968,0,1,0,0,0,0,0.9968,0.08,0,0,0.1679,0,1]},
{"frame":211,"values":[0,-0.08,0.9968,0,1,0,0,0,0,0.9968,0.08,0,0,0.1679,0,1]},
{"frame":270,"values":[0,-0.08,0.9968,0,1,0,0,0,0,0.9968,0.08,0,0,0.1679,0,1]},
{"frame":281,"values":[0,-0.08,0.9968,0,1,0,0,0,0,0.9968,0.08,0,0,0.1679,0,1]},
{"frame":340,"values":[0,-0.08,0.9968,0,1,0,0,0,0,0.9968,0.08,0,0,0.1679,0,1]}],"loopBehavior":1,"name":"anim","property":"_matrix"}},
{"name":"ArmLeft","index":6,"matrix":[0,0.9889,0.1485,0,0.0445,0.1484,-0.9879,0,-0.999,0.0066,-0.044,0,0,0.1964,0,1],"rest":[0,0.815,0.5795,0,0.0445,0.5789,-0.8142,0,-0.999,0.0258,-0.0362,0,0,0.1964,0,1],"parentBoneIndex":5,"length":0.4108
,"animation":{"dataType":3,"framePerSecond":24,"keys":[
{"frame":1,"values":[0,0.9891,0.1472,0,0.0445,0.1471,-0.9881,0,-0.999,0.0065,-0.044,0,0,0.1964,0,1]},
{"frame":2,"values":[0.0002,0.9891,0.1472,0,0.0432,0.1471,-0.9882,0,-0.9991,0.0065,-0.0427,0,0,0.1964,0,1]},
{"frame":3,"values":[0.0008,0.9891,0.1472,0,0.0393,0.1471,-0.9883,0,-0.9992,0.0065,-0.0387,0,0,0.1964,0,1]},
{"frame":4,"values":[0.0017,0.9891,0.1472,0,0.0328,0.1471,-0.9886,0,-0.9995,0.0065,-0.0322,0,0,0.1964,0,1]},
{"frame":5,"values":[0.0031,0.9891,0.1472,0,0.0239,0.1471,-0.9888,0,-0.9997,0.0065,-0.0231,0,0,0.1964,0,1]},
{"frame":6,"values":[0.0047,0.9891,0.1472,0,0.0129,0.1471,-0.989,0,-0.9999,0.0065,-0.012,0,0,0.1964,0,1]},
{"frame":7,"values":[0.0066,0.9891,0.1471,0,0.0004,0.1471,-0.9891,0,-1,0.0065,0.0006,0,0,0.1964,0,1]},
{"frame":8,"values":[0.0085,0.9891,0.147,0,-0.013,0.1471,-0.989,0,-0.9999,0.0065,0.0141,0,0,0.1964,0,1]},
{"frame":9,"values":[0.0105,0.9891,0.1469,0,-0.0263,0.1471,-0.9888,0,-0.9996,0.0065,0.0275,0,0,0.1964,0,1]},
{"frame":10,"values":[0.0124,0.9891,0.1467,0,-0.0388,0.1471,-0.9884,0,-0.9992,0.0065,0.0402,0,0,0.1964,0,1]},
{"frame":11,"values":[0.014,0.9891,0.1466,0,-0.0498,0.1471,-0.9879,0,-0.9987,0.0065,0.0513,0,0,0.1964,0,1]},
{"frame":12,"values":[0.0153,0.9891,0.1464,0,-0.0587,0.1471,-0.9874,0,-0.9982,0.0065,0.0603,0,0,0.1964,0,1]},
{"frame":13,"values":[0.0163,0.9891,0.1463,0,-0.0651,0.1471,-0.987,0,-0.9977,0.0065,0.0668,0,0,0.1964,0,1]},
{"frame":14,"values":[0.0169,0.9891,0.1463,0,-0.0691,0.1471,-0.9867,0,-0.9975,0.0065,0.0708,0,0,0.1964,0,1]},
{"frame":15,"values":[0.0171,0.9891,0.1462,0,-0.0703,0.1471,-0.9866,0,-0.9974,0.0065,0.0721,0,0,0.1964,0,1]},
{"frame":16,"values":[0.017,0.9891,0.1462,0,-0.0699,0.1471,-0.9866,0,-0.9974,0.0065,0.0717,0,0,0.1964,0,1]},
{"frame":17,"values":[0.0168,0.9891,0.1463,0,-0.0686,0.1471,-0.9867,0,-0.9975,0.0065,0.0704,0,0,0.1964,0,1]},
{"frame":18,"values":[0.0165,0.9891,0.1463,0,-0.0663,0.1471,-0.9869,0,-0.9977,0.0065,0.068,0,0,0.1964,0,1]},
{"frame":19,"values":[0.0159,0.9891,0.1464,0,-0.0629,0.1471,-0.9871,0,-0.9979,0.0065,0.0645,0,0,0.1964,0,1]},
{"frame":20,"values":[0.0153,0.9891,0.1465,0,-0.0582,0.1471,-0.9874,0,-0.9982,0.0065,0.0598,0,0,0.1964,0,1]},
{"frame":21,"values":[0.0144,0.9891,0.1466,0,-0.0522,0.1471,-0.9877,0,-0.9985,0.0065,0.0538,0,0,0.1964,0,1]},
{"frame":22,"values":[0.0133,0.9891,0.1467,0,-0.045,0.1471,-0.9881,0,-0.9989,0.0065,0.0465,0,0,0.1964,0,1]},
{"frame":23,"values":[0.012,0.9891,0.1468,0,-0.0365,0.1471,-0.9884,0,-0.9993,0.0065,0.0379,0,0,0.1964,0,1]},
{"frame":24,"values":[0.0106,0.9891,0.1469,0,-0.0269,0.1471,-0.9888,0,-0.9996,0.0065,0.0282,0,0,0.1964,0,1]},
{"frame":25,"values":[0.009,0.9891,0.147,0,-0.0164,0.1471,-0.989,0,-0.9998,0.0065,0.0175,0,0,0.1964,0,1]},
{"frame":26,"values":[0.0074,0.9891,0.1471,0,-0.005,0.1471,-0.9891,0,-1,0.0065,0.0061,0,0,0.1964,0,1]},
{"frame":27,"values":[0.0056,0.9891,0.1472,0,0.0069,0.1471,-0.9891,0,-1,0.0065,-0.006,0,0,0.1964,0,1]},
{"frame":28,"values":[0.0038,0.9891,0.1472,0,0.0192,0.1471,-0.9889,0,-0.9998,0.0065,-0.0184,0,0,0.1964,0,1]},
{"frame":29,"values":[0.0019,0.9891,0.1472,0,0.0318,0.1471,-0.9886,0,-0.9995,0.0065,-0.0311,0,0,0.1964,0,1]},
{"frame":30,"values":[0,0.9891,0.1472,0,0.0445,0.1471,-0.9881,0,-0.999,0.0065,-0.044,0,0,0.1964,0,1]},
{"frame":31,"values":[-0.0021,0.9891,0.1472,0,0.0586,0.1471,-0.9874,0,-0.9983,0.0066,-0.0583,0,0,0.1964,0,1]},
{"frame":32,"values":[-0.0046,0.9891,0.1471,0,0.0757,0.1471,-0.9862,0,-0.9971,0.0066,-0.0756,0,0,0.1964,0,1]},
{"frame":33,"values":[-0.0076,0.9891,0.147,0,0.0955,0.147,-0.9845,0,-0.9954,0.0066,-0.0956,0,0,0.1964,0,1]},
{"frame":34,"values":[-0.0109,0.9891,0.1468,0,0.1177,0.147,-0.9821,0,-0.993,0.0066,-0.118,0,0,0.1964,0,1]},
{"frame":35,"values":[-0.0145,0.9891,0.1465,0,0.1418,0.147,-0.9789,0,-0.9898,0.0066,-0.1424,0,0,0.1964,0,1]},
{"frame":36,"values":[-0.0183,0.9891,0.146,0,0.167,0.147,-0.9749,0,-0.9858,0.0066,-0.1679,0,0,0.1964,0,1]},
{"frame":37,"values":[-0.0221,0.9891,0.1455,0,0.1924,0.147,-0.9702,0,-0.9811,0.0066,-0.1936,0,0,0.1964,0,1]},
{"frame":38,"values":[-0.0258,0.9891,0.1449,0,0.2171,0.147,-0.965,0,-0.9758,0.0066,-0.2185,0,0,0.1964,0,1]},
{"frame":39,"values":[-0.0293,0.9891,0.1443,0,0.24,0.1471,-0.9596,0,-0.9703,0.0066,-0.2417,0,0,0.1964,0,1]},
{"frame":40,"values":[-0.0323,0.9891,0.1436,0,0.2603,0.1471,-0.9543,0,-0.965,0.0066,-0.2622,0,0,0.1964,0,1]},
{"frame":41,"values":[-0.0349,0.9891,0.143,0,0.2772,0.1471,-0.9495,0,-0.9602,0.0065,-0.2793,0,0,0.1964,0,1]},
{"frame":42,"values":[-0.0369,0.9891,0.1425,0,0.2905,0.1471,-0.9455,0,-0.9562,0.0065,-0.2928,0,0,0.1964,0,1]},
{"frame":43,"values":[-0.0383,0.9891,0.1422,0,0.3,0.1471,-0.9425,0,-0.9532,0.0065,-0.3023,0,0,0.1964,0,1]},
{"frame":44,"values":[-0.0391,0.9891,0.1419,0,0.3055,0.1471,-0.9408,0,-0.9514,0.0065,-0.308,0,0,0.1964,0,1]},
{"frame":45,"values":[-0.0394,0.9891,0.1419,0,0.3074,0.1471,-0.9402,0,-0.9508,0.0065,-0.3098,0,0,0.1964,0,1]},
{"frame":46,"values":[-0.039,0.9891,0.142,0,0.3049,0.1471,-0.941,0,-0.9516,0.0065,-0.3073,0,0,0.1964,0,1]},
{"frame":47,"values":[-0.0379,0.9891,0.1423,0,0.2973,0.1471,-0.9434,0,-0.954,0.0065,-0.2996,0,0,0.1964,0,1]},
{"frame":48,"values":[-0.036,0.9891,0.1428,0,0.2847,0.1471,-0.9473,0,-0.9579,0.0065,-0.2869,0,0,0.1964,0,1]},
{"frame":49,"values":[-0.0334,0.9891,0.1434,0,0.2672,0.1471,-0.9524,0,-0.9631,0.0065,-0.2692,0,0,0.1964,0,1]},
{"frame":50,"values":[-0.0301,0.9891,0.1441,0,0.2453,0.1471,-0.9582,0,-0.969,0.0065,-0.247,0,0,0.1964,0,1]},
{"frame":51,"values":[-0.0262,0.9891,0.1449,0,0.2198,0.1471,-0.9644,0,-0.9752,0.0065,-0.2213,0,0,0.1964,0,1]},
{"frame":52,"values":[-0.022,0.9891,0.1456,0,0.1919,0.1471,-0.9703,0,-0.9812,0.0065,-0.1931,0,0,0.1964,0,1]},
{"frame":53,"values":[-0.0177,0.9891,0.1462,0,0.1631,0.1471,-0.9756,0,-0.9864,0.0065,-0.1639,0,0,0.1964,0,1]},
{"frame":54,"values":[-0.0135,0.9891,0.1466,0,0.1349,0.1471,-0.9799,0,-0.9908,0.0065,-0.1355,0,0,0.1964,0,1]},
{"frame":55,"values":[-0.0096,0.9891,0.1469,0,0.1089,0.1471,-0.9831,0,-0.994,0.0065,-0.1092,0,0,0.1964,0,1]},
{"frame":56,"values":[-0.0062,0.9891,0.1471,0,0.0864,0.1471,-0.9853,0,-0.9962,0.0065,-0.0863,0,0,0.1964,0,1]},
{"frame":57,"values":[-0.0035,0.9891,0.1472,0,0.0682,0.1471,-0.9868,0,-0.9977,0.0065,-0.068,0,0,0.1964,0,1]},
{"frame":58,"values":[-0.0016,0.9891,0.1472,0,0.055,0.1471,-0.9876,0,-0.9985,0.0065,-0.0546,0,0,0.1964,0,1]},
{"frame":59,"values":[-0.0004,0.9891,0.1472,0,0.0471,0.1471,-0.988,0,-0.9989,0.0065,-0.0466,0,0,0.1964,0,1]},
{"frame":60,"values":[0,0.9891,0.1472,0,0.0445,0.1471,-0.9881,0,-0.999,0.0065,-0.044,0,0,0.1964,0,1]},
{"frame":71,"values":[0,0.9891,0.1472,0,0.0445,0.1471,-0.9881,0,-0.999,0.0065,-0.044,0,0,0.1964,0,1]},
{"frame":72,"values":[0.0002,0.9891,0.1472,0,0.0432,0.1471,-0.9882,0,-0.9991,0.0065,-0.0427,0,0,0.1964,0,1]},
{"frame":73,"values":[0.0008,0.9891,0.1472,0,0.0393,0.1471,-0.9883,0,-0.9992,0.0065,-0.0387,0,0,0.1964,0,1]},
{"frame":74,"values":[0.0017,0.9891,0.1472,0,0.0328,0.1471,-0.9886,0,-0.9995,0.0065,-0.0322,0,0,0.1964,0,1]},
{"frame":75,"values":[0.0031,0.9891,0.1472,0,0.0239,0.1471,-0.9888,0,-0.9997,0.0065,-0.0231,0,0,0.1964,0,1]},
{"frame":76,"values":[0.0047,0.9891,0.1472,0,0.0129,0.1471,-0.989,0,-0.9999,0.0065,-0.012,0,0,0.1964,0,1]},
{"frame":77,"values":[0.0066,0.9891,0.1471,0,0.0004,0.1471,-0.9891,0,-1,0.0065,0.0006,0,0,0.1964,0,1]},
{"frame":78,"values":[0.0085,0.9891,0.147,0,-0.013,0.1471,-0.989,0,-0.9999,0.0065,0.0141,0,0,0.1964,0,1]},
{"frame":79,"values":[0.0105,0.9891,0.1469,0,-0.0263,0.1471,-0.9888,0,-0.9996,0.0065,0.0275,0,0,0.1964,0,1]},
{"frame":80,"values":[0.0124,0.9891,0.1467,0,-0.0388,0.1471,-0.9884,0,-0.9992,0.0065,0.0402,0,0,0.1964,0,1]},
{"frame":81,"values":[0.014,0.9891,0.1466,0,-0.0498,0.1471,-0.9879,0,-0.9987,0.0065,0.0513,0,0,0.1964,0,1]},
{"frame":82,"values":[0.0153,0.9891,0.1465,0,-0.0587,0.1471,-0.9874,0,-0.9982,0.0065,0.0603,0,0,0.1964,0,1]},
{"frame":83,"values":[0.0163,0.9891,0.1464,0,-0.0651,0.1472,-0.987,0,-0.9977,0.0065,0.0668,0,0,0.1964,0,1]},
{"frame":84,"values":[0.0169,0.9891,0.1463,0,-0.0691,0.1472,-0.9867,0,-0.9975,0.0065,0.0708,0,0,0.1964,0,1]},
{"frame":85,"values":[0.0171,0.9891,0.1463,0,-0.0703,0.1472,-0.9866,0,-0.9974,0.0065,0.0721,0,0,0.1964,0,1]},
{"frame":86,"values":[0.017,0.9891,0.1464,0,-0.0699,0.1472,-0.9866,0,-0.9974,0.0065,0.0717,0,0,0.1964,0,1]},
{"frame":87,"values":[0.0168,0.9891,0.1464,0,-0.0686,0.1472,-0.9867,0,-0.9975,0.0065,0.0703,0,0,0.1964,0,1]},
{"frame":88,"values":[0.0165,0.9891,0.1464,0,-0.0663,0.1472,-0.9869,0,-0.9977,0.0065,0.068,0,0,0.1964,0,1]},
{"frame":89,"values":[0.0159,0.9891,0.1465,0,-0.0629,0.1472,-0.9871,0,-0.9979,0.0065,0.0645,0,0,0.1964,0,1]},
{"frame":90,"values":[0.0153,0.9891,0.1465,0,-0.0582,0.1472,-0.9874,0,-0.9982,0.0065,0.0598,0,0,0.1964,0,1]},
{"frame":91,"values":[0.0144,0.9891,0.1466,0,-0.0522,0.1472,-0.9877,0,-0.9985,0.0065,0.0538,0,0,0.1964,0,1]},
{"frame":92,"values":[0.0133,0.9891,0.1467,0,-0.045,0.1471,-0.9881,0,-0.9989,0.0065,0.0465,0,0,0.1964,0,1]},
{"frame":93,"values":[0.012,0.9891,0.1468,0,-0.0365,0.1471,-0.9884,0,-0.9993,0.0065,0.0379,0,0,0.1964,0,1]},
{"frame":94,"values":[0.0106,0.9891,0.1469,0,-0.0269,0.1471,-0.9888,0,-0.9996,0.0065,0.0282,0,0,0.1964,0,1]},
{"frame":95,"values":[0.009,0.9891,0.147,0,-0.0164,0.1471,-0.989,0,-0.9998,0.0065,0.0175,0,0,0.1964,0,1]},
{"frame":96,"values":[0.0074,0.9891,0.1471,0,-0.005,0.1471,-0.9891,0,-1,0.0065,0.0061,0,0,0.1964,0,1]},
{"frame":97,"values":[0.0056,0.9891,0.1472,0,0.0069,0.1471,-0.9891,0,-1,0.0065,-0.006,0,0,0.1964,0,1]},
{"frame":98,"values":[0.0038,0.9891,0.1472,0,0.0192,0.1471,-0.9889,0,-0.9998,0.0065,-0.0184,0,0,0.1964,0,1]},
{"frame":99,"values":[0.0019,0.9891,0.1472,0,0.0318,0.1471,-0.9886,0,-0.9995,0.0065,-0.0311,0,0,0.1964,0,1]},
{"frame":100,"values":[0,0.9891,0.1472,0,0.0445,0.1471,-0.9881,0,-0.999,0.0065,-0.044,0,0,0.1964,0,1]},
{"frame":101,"values":[-0.0021,0.9891,0.1472,0,0.0586,0.1471,-0.9874,0,-0.9983,0.0066,-0.0583,0,0,0.1964,0,1]},
{"frame":102,"values":[-0.0046,0.9891,0.1471,0,0.0757,0.1471,-0.9862,0,-0.9971,0.0066,-0.0756,0,0,0.1964,0,1]},
{"frame":103,"values":[-0.0076,0.9891,0.147,0,0.0955,0.147,-0.9845,0,-0.9954,0.0066,-0.0956,0,0,0.1964,0,1]},
{"frame":104,"values":[-0.0109,0.9891,0.1468,0,0.1177,0.147,-0.9821,0,-0.993,0.0066,-0.118,0,0,0.1964,0,1]},
{"frame":105,"values":[-0.0145,0.9891,0.1465,0,0.1418,0.147,-0.9789,0,-0.9898,0.0066,-0.1424,0,0,0.1964,0,1]},
{"frame":106,"values":[-0.0183,0.9891,0.146,0,0.167,0.147,-0.9749,0,-0.9858,0.0066,-0.1679,0,0,0.1964,0,1]},
{"frame":107,"values":[-0.0221,0.9891,0.1455,0,0.1924,0.147,-0.9702,0,-0.9811,0.0066,-0.1936,0,0,0.1964,0,1]},
{"frame":108,"values":[-0.0258,0.9891,0.1449,0,0.2171,0.147,-0.965,0,-0.9758,0.0066,-0.2185,0,0,0.1964,0,1]},
{"frame":109,"values":[-0.0293,0.9891,0.1443,0,0.24,0.1471,-0.9596,0,-0.9703,0.0066,-0.2417,0,0,0.1964,0,1]},
{"frame":110,"values":[-0.0323,0.9891,0.1436,0,0.2603,0.1471,-0.9543,0,-0.965,0.0066,-0.2622,0,0,0.1964,0,1]},
{"frame":111,"values":[-0.0349,0.9891,0.143,0,0.2772,0.1471,-0.9495,0,-0.9602,0.0065,-0.2793,0,0,0.1964,0,1]},
{"frame":112,"values":[-0.0369,0.9891,0.1425,0,0.2905,0.1471,-0.9455,0,-0.9562,0.0065,-0.2928,0,0,0.1964,0,1]},
{"frame":113,"values":[-0.0383,0.9891,0.1422,0,0.3,0.1471,-0.9425,0,-0.9532,0.0065,-0.3023,0,0,0.1964,0,1]},
{"frame":114,"values":[-0.0391,0.9891,0.1419,0,0.3055,0.1471,-0.9408,0,-0.9514,0.0065,-0.308,0,0,0.1964,0,1]},
{"frame":115,"values":[-0.0394,0.9891,0.1419,0,0.3074,0.1471,-0.9402,0,-0.9508,0.0065,-0.3098,0,0,0.1964,0,1]},
{"frame":116,"values":[-0.039,0.9891,0.142,0,0.3049,0.1471,-0.941,0,-0.9516,0.0065,-0.3073,0,0,0.1964,0,1]},
{"frame":117,"values":[-0.0379,0.9891,0.1423,0,0.2973,0.1471,-0.9434,0,-0.954,0.0065,-0.2996,0,0,0.1964,0,1]},
{"frame":118,"values":[-0.036,0.9891,0.1428,0,0.2847,0.1471,-0.9473,0,-0.9579,0.0065,-0.2869,0,0,0.1964,0,1]},
{"frame":119,"values":[-0.0334,0.9891,0.1434,0,0.2672,0.1471,-0.9524,0,-0.9631,0.0065,-0.2692,0,0,0.1964,0,1]},
{"frame":120,"values":[-0.0301,0.9891,0.1441,0,0.2453,0.1471,-0.9582,0,-0.969,0.0065,-0.247,0,0,0.1964,0,1]},
{"frame":121,"values":[-0.0262,0.9891,0.1449,0,0.2198,0.1471,-0.9644,0,-0.9752,0.0065,-0.2213,0,0,0.1964,0,1]},
{"frame":122,"values":[-0.022,0.9891,0.1456,0,0.1919,0.1471,-0.9703,0,-0.9812,0.0065,-0.1931,0,0,0.1964,0,1]},
{"frame":123,"values":[-0.0177,0.9891,0.1462,0,0.1631,0.1471,-0.9756,0,-0.9864,0.0065,-0.1639,0,0,0.1964,0,1]},
{"frame":124,"values":[-0.0135,0.9891,0.1466,0,0.1349,0.1471,-0.9799,0,-0.9908,0.0065,-0.1355,0,0,0.1964,0,1]},
{"frame":125,"values":[-0.0096,0.9891,0.1469,0,0.1089,0.1471,-0.9831,0,-0.994,0.0065,-0.1092,0,0,0.1964,0,1]},
{"frame":126,"values":[-0.0062,0.9891,0.1471,0,0.0864,0.1471,-0.9853,0,-0.9962,0.0065,-0.0863,0,0,0.1964,0,1]},
{"frame":127,"values":[-0.0035,0.9891,0.1472,0,0.0682,0.1471,-0.9868,0,-0.9977,0.0065,-0.068,0,0,0.1964,0,1]},
{"frame":128,"values":[-0.0016,0.9891,0.1472,0,0.055,0.1471,-0.9876,0,-0.9985,0.0065,-0.0546,0,0,0.1964,0,1]},
{"frame":129,"values":[-0.0004,0.9891,0.1472,0,0.0471,0.1471,-0.988,0,-0.9989,0.0065,-0.0466,0,0,0.1964,0,1]},
{"frame":130,"values":[0,0.9891,0.1472,0,0.0445,0.1471,-0.9881,0,-0.999,0.0065,-0.044,0,0,0.1964,0,1]},
{"frame":141,"values":[0,0.9889,0.1485,0,0.0445,0.1484,-0.9879,0,-0.999,0.0066,-0.044,0,0,0.1964,0,1]},
{"frame":142,"values":[0.0002,0.9889,0.1485,0,0.0431,0.1484,-0.988,0,-0.9991,0.0066,-0.0426,0,0,0.1964,0,1]},
{"frame":143,"values":[0.0008,0.9889,0.1485,0,0.039,0.1484,-0.9882,0,-0.9992,0.0066,-0.0384,0,0,0.1964,0,1]},
{"frame":144,"values":[0.0019,0.9889,0.1485,0,0.0321,0.1484,-0.9884,0,-0.9995,0.0066,-0.0315,0,0,0.1964,0,1]},
{"frame":145,"values":[0.0033,0.9889,0.1485,0,0.0227,0.1484,-0.9887,0,-0.9997,0.0066,-0.0219,0,0,0.1964,0,1]},
{"frame":146,"values":[0.005,0.9889,0.1484,0,0.011,0.1484,-0.9889,0,-0.9999,0.0066,-0.0102,0,0,0.1964,0,1]},
{"frame":147,"values":[0.007,0.9889,0.1484,0,-0.0022,0.1484,-0.9889,0,-1,0.0066,0.0032,0,0,0.1964,0,1]},
{"frame":148,"values":[0.0091,0.9889,0.1483,0,-0.0163,0.1484,-0.9888,0,-0.9998,0.0066,0.0175,0,0,0.1964,0,1]},
{"frame":149,"values":[0.0112,0.9889,0.1481,0,-0.0304,0.1484,-0.9885,0,-0.9995,0.0066,0.0317,0,0,0.1964,0,1]},
{"frame":150,"values":[0.0132,0.9889,0.1479,0,-0.0436,0.1484,-0.988,0,-0.999,0.0066,0.0451,0,0,0.1964,0,1]},
{"frame":151,"values":[0.015,0.9889,0.1478,0,-0.0552,0.1484,-0.9874,0,-0.9984,0.0066,0.0568,0,0,0.1964,0,1]},
{"frame":152,"values":[0.0164,0.9889,0.1476,0,-0.0646,0.1484,-0.9868,0,-0.9978,0.0066,0.0663,0,0,0.1964,0,1]},
{"frame":153,"values":[0.0174,0.9889,0.1475,0,-0.0715,0.1484,-0.9863,0,-0.9973,0.0066,0.0733,0,0,0.1964,0,1]},
{"frame":154,"values":[0.018,0.9889,0.1474,0,-0.0756,0.1484,-0.986,0,-0.997,0.0066,0.0775,0,0,0.1964,0,1]},
{"frame":155,"values":[0.0182,0.9889,0.1474,0,-0.077,0.1484,-0.9859,0,-0.9969,0.0066,0.0788,0,0,0.1964,0,1]},
{"frame":156,"values":[0.0181,0.9889,0.1474,0,-0.0766,0.1483,-0.986,0,-0.9969,0.0066,0.0784,0,0,0.1964,0,1]},
{"frame":157,"values":[0.0179,0.9889,0.1474,0,-0.0752,0.1483,-0.9861,0,-0.997,0.0066,0.077,0,0,0.1964,0,1]},
{"frame":158,"values":[0.0176,0.9889,0.1474,0,-0.0728,0.1483,-0.9863,0,-0.9972,0.0066,0.0746,0,0,0.1964,0,1]},
{"frame":159,"values":[0.017,0.9889,0.1474,0,-0.0692,0.1483,-0.9865,0,-0.9975,0.0066,0.0709,0,0,0.1964,0,1]},
{"frame":160,"values":[0.0163,0.9889,0.1475,0,-0.0643,0.1482,-0.9869,0,-0.9978,0.0066,0.066,0,0,0.1964,0,1]},
{"frame":161,"values":[0.0153,0.9889,0.1476,0,-0.0581,0.1482,-0.9872,0,-0.9982,0.0066,0.0597,0,0,0.1964,0,1]},
{"frame":162,"values":[0.0142,0.9889,0.1476,0,-0.0505,0.1482,-0.9877,0,-0.9986,0.0066,0.052,0,0,0.1964,0,1]},
{"frame":163,"values":[0.0128,0.9889,0.1477,0,-0.0416,0.1481,-0.9881,0,-0.9991,0.0066,0.043,0,0,0.1964,0,1]},
{"frame":164,"values":[0.0113,0.989,0.1478,0,-0.0314,0.148,-0.9885,0,-0.9994,0.0066,0.0328,0,0,0.1964,0,1]},
{"frame":165,"values":[0.0097,0.989,0.1478,0,-0.0203,0.1479,-0.9888,0,-0.9997,0.0065,0.0215,0,0,0.1964,0,1]},
{"frame":166,"values":[0.0079,0.989,0.1478,0,-0.0083,0.1478,-0.989,0,-0.9999,0.0065,0.0093,0,0,0.1964,0,1]},
{"frame":167,"values":[0.006,0.989,0.1477,0,0.0044,0.1477,-0.989,0,-1,0.0065,-0.0035,0,0,0.1964,0,1]},
{"frame":168,"values":[0.004,0.989,0.1476,0,0.0175,0.1475,-0.9889,0,-0.9998,0.0065,-0.0167,0,0,0.1964,0,1]},
{"frame":169,"values":[0.002,0.9891,0.1474,0,0.0309,0.1473,-0.9886,0,-0.9995,0.0065,-0.0303,0,0,0.1964,0,1]},
{"frame":170,"values":[0,0.9891,0.1472,0,0.0445,0.1471,-0.9881,0,-0.999,0.0065,-0.044,0,0,0.1964,0,1]},
{"frame":171,"values":[-0.0023,0.9891,0.147,0,0.0596,0.1469,-0.9874,0,-0.9982,0.0065,-0.0593,0,0,0.1964,0,1]},
{"frame":172,"values":[-0.005,0.9892,0.1468,0,0.0779,0.1467,-0.9861,0,-0.9969,0.0065,-0.0778,0,0,0.1964,0,1]},
{"frame":173,"values":[-0.0081,0.9892,0.1465,0,0.0992,0.1466,-0.9842,0,-0.995,0.0065,-0.0993,0,0,0.1964,0,1]},
{"frame":174,"values":[-0.0117,0.9892,0.1462,0,0.123,0.1465,-0.9815,0,-0.9923,0.0065,-0.1234,0,0,0.1964,0,1]},
{"frame":175,"values":[-0.0155,0.9892,0.1458,0,0.1488,0.1465,-0.9779,0,-0.9887,0.0065,-0.1495,0,0,0.1964,0,1]},
{"frame":176,"values":[-0.0196,0.9892,0.1454,0,0.1759,0.1465,-0.9734,0,-0.9842,0.0065,-0.1769,0,0,0.1964,0,1]},
{"frame":177,"values":[-0.0237,0.9892,0.1448,0,0.2032,0.1466,-0.9681,0,-0.9788,0.0065,-0.2045,0,0,0.1964,0,1]},
{"frame":178,"values":[-0.0277,0.9892,0.1442,0,0.2297,0.1466,-0.9622,0,-0.9729,0.0065,-0.2313,0,0,0.1964,0,1]},
{"frame":179,"values":[-0.0314,0.9892,0.1435,0,0.2543,0.1467,-0.9559,0,-0.9666,0.0065,-0.2561,0,0,0.1964,0,1]},
{"frame":180,"values":[-0.0346,0.9891,0.1428,0,0.276,0.1468,-0.9499,0,-0.9605,0.0065,-0.2781,0,0,0.1964,0,1]},
{"frame":181,"values":[-0.0374,0.9891,0.1422,0,0.2941,0.1469,-0.9444,0,-0.955,0.0065,-0.2964,0,0,0.1964,0,1]},
{"frame":182,"values":[-0.0395,0.9891,0.1417,0,0.3084,0.147,-0.9398,0,-0.9504,0.0065,-0.3108,0,0,0.1964,0,1]},
{"frame":183,"values":[-0.0411,0.9891,0.1413,0,0.3185,0.147,-0.9365,0,-0.947,0.0065,-0.321,0,0,0.1964,0,1]},
{"frame":184,"values":[-0.042,0.9891,0.1411,0,0.3244,0.1471,-0.9344,0,-0.945,0.0065,-0.3271,0,0,0.1964,0,1]},
{"frame":185,"values":[-0.0423,0.9891,0.141,0,0.3264,0.1471,-0.9337,0,-0.9443,0.0065,-0.329,0,0,0.1964,0,1]},
{"frame":186,"values":[-0.0419,0.9891,0.1411,0,0.3237,0.1471,-0.9347,0,-0.9452,0.0065,-0.3264,0,0,0.1964,0,1]},
{"frame":187,"values":[-0.0407,0.9891,0.1415,0,0.3157,0.1471,-0.9374,0,-0.948,0.0065,-0.3182,0,0,0.1964,0,1]},
{"frame":188,"values":[-0.0386,0.9891,0.1421,0,0.3022,0.1471,-0.9418,0,-0.9525,0.0065,-0.3046,0,0,0.1964,0,1]},
{"frame":189,"values":[-0.0358,0.9891,0.1428,0,0.2835,0.1471,-0.9476,0,-0.9583,0.0065,-0.2856,0,0,0.1964,0,1]},
{"frame":190,"values":[-0.0323,0.9891,0.1436,0,0.26,0.1471,-0.9543,0,-0.9651,0.0065,-0.2619,0,0,0.1964,0,1]},
{"frame":191,"values":[-0.0282,0.9891,0.1445,0,0.2327,0.1471,-0.9614,0,-0.9721,0.0065,-0.2343,0,0,0.1964,0,1]},
{"frame":192,"values":[-0.0237,0.9891,0.1453,0,0.2028,0.1471,-0.9681,0,-0.9789,0.0065,-0.2041,0,0,0.1964,0,1]},
{"frame":193,"values":[-0.019,0.9891,0.146,0,0.1719,0.1471,-0.9741,0,-0.9849,0.0065,-0.1729,0,0,0.1964,0,1]},
{"frame":194,"values":[-0.0145,0.9891,0.1465,0,0.1417,0.1471,-0.9789,0,-0.9898,0.0065,-0.1423,0,0,0.1964,0,1]},
{"frame":195,"values":[-0.0103,0.9891,0.1469,0,0.1137,0.1471,-0.9826,0,-0.9935,0.0065,-0.114,0,0,0.1964,0,1]},
{"frame":196,"values":[-0.0067,0.9891,0.1471,0,0.0895,0.1471,-0.9851,0,-0.996,0.0065,-0.0895,0,0,0.1964,0,1]},
{"frame":197,"values":[-0.0038,0.9891,0.1472,0,0.07,0.1471,-0.9866,0,-0.9975,0.0065,-0.0698,0,0,0.1964,0,1]},
{"frame":198,"values":[-0.0017,0.9891,0.1472,0,0.0558,0.1471,-0.9875,0,-0.9984,0.0065,-0.0554,0,0,0.1964,0,1]},
{"frame":199,"values":[-0.0004,0.9891,0.1472,0,0.0473,0.1471,-0.988,0,-0.9989,0.0065,-0.0468,0,0,0.1964,0,1]},
{"frame":200,"values":[0,0.9891,0.1472,0,0.0445,0.1471,-0.9881,0,-0.999,0.0065,-0.044,0,0,0.1964,0,1]},
{"frame":211,"values":[0,0.9889,0.1485,0,0.0445,0.1484,-0.9879,0,-0.999,0.0066,-0.044,0,0,0.1964,0,1]},
{"frame":212,"values":[0.0002,0.9889,0.1485,0,0.0431,0.1484,-0.988,0,-0.9991,0.0066,-0.0426,0,0,0.1964,0,1]},
{"frame":213,"values":[0.0008,0.9889,0.1485,0,0.039,0.1484,-0.9882,0,-0.9992,0.0066,-0.0384,0,0,0.1964,0,1]},
{"frame":214,"values":[0.0019,0.9889,0.1485,0,0.0321,0.1484,-0.9884,0,-0.9995,0.0066,-0.0315,0,0,0.1964,0,1]},
{"frame":215,"values":[0.0033,0.9889,0.1485,0,0.0227,0.1484,-0.9887,0,-0.9997,0.0066,-0.0219,0,0,0.1964,0,1]},
{"frame":216,"values":[0.005,0.9889,0.1484,0,0.011,0.1484,-0.9889,0,-0.9999,0.0066,-0.0102,0,0,0.1964,0,1]},
{"frame":217,"values":[0.007,0.9889,0.1484,0,-0.0022,0.1484,-0.9889,0,-1,0.0066,0.0032,0,0,0.1964,0,1]},
{"frame":218,"values":[0.0091,0.9889,0.1483,0,-0.0163,0.1484,-0.9888,0,-0.9998,0.0066,0.0175,0,0,0.1964,0,1]},
{"frame":219,"values":[0.0112,0.9889,0.1481,0,-0.0304,0.1484,-0.9885,0,-0.9995,0.0066,0.0317,0,0,0.1964,0,1]},
{"frame":220,"values":[0.0132,0.9889,0.1479,0,-0.0436,0.1484,-0.988,0,-0.999,0.0066,0.0451,0,0,0.1964,0,1]},
{"frame":221,"values":[0.015,0.9889,0.1478,0,-0.0552,0.1484,-0.9874,0,-0.9984,0.0066,0.0568,0,0,0.1964,0,1]},
{"frame":222,"values":[0.0164,0.9889,0.1476,0,-0.0646,0.1484,-0.9868,0,-0.9978,0.0066,0.0663,0,0,0.1964,0,1]},
{"frame":223,"values":[0.0174,0.9889,0.1475,0,-0.0715,0.1484,-0.9863,0,-0.9973,0.0066,0.0733,0,0,0.1964,0,1]},
{"frame":224,"values":[0.018,0.9889,0.1474,0,-0.0756,0.1484,-0.986,0,-0.997,0.0066,0.0775,0,0,0.1964,0,1]},
{"frame":225,"values":[0.0182,0.9889,0.1474,0,-0.077,0.1484,-0.9859,0,-0.9969,0.0066,0.0788,0,0,0.1964,0,1]},
{"frame":226,"values":[0.0181,0.9889,0.1474,0,-0.0766,0.1483,-0.986,0,-0.9969,0.0066,0.0784,0,0,0.1964,0,1]},
{"frame":227,"values":[0.0179,0.9889,0.1474,0,-0.0752,0.1483,-0.9861,0,-0.997,0.0066,0.077,0,0,0.1964,0,1]},
{"frame":228,"values":[0.0176,0.9889,0.1474,0,-0.0728,0.1483,-0.9863,0,-0.9972,0.0066,0.0746,0,0,0.1964,0,1]},
{"frame":229,"values":[0.017,0.9889,0.1474,0,-0.0692,0.1483,-0.9865,0,-0.9975,0.0066,0.0709,0,0,0.1964,0,1]},
{"frame":230,"values":[0.0163,0.9889,0.1475,0,-0.0643,0.1482,-0.9869,0,-0.9978,0.0066,0.066,0,0,0.1964,0,1]},
{"frame":231,"values":[0.0153,0.9889,0.1476,0,-0.0581,0.1482,-0.9872,0,-0.9982,0.0066,0.0597,0,0,0.1964,0,1]},
{"frame":232,"values":[0.0142,0.9889,0.1476,0,-0.0505,0.1482,-0.9877,0,-0.9986,0.0066,0.052,0,0,0.1964,0,1]},
{"frame":233,"values":[0.0128,0.9889,0.1477,0,-0.0416,0.1481,-0.9881,0,-0.9991,0.0066,0.043,0,0,0.1964,0,1]},
{"frame":234,"values":[0.0113,0.989,0.1478,0,-0.0314,0.148,-0.9885,0,-0.9994,0.0066,0.0328,0,0,0.1964,0,1]},
{"frame":235,"values":[0.0097,0.989,0.1478,0,-0.0203,0.1479,-0.9888,0,-0.9997,0.0065,0.0215,0,0,0.1964,0,1]},
{"frame":236,"values":[0.0079,0.989,0.1478,0,-0.0083,0.1478,-0.989,0,-0.9999,0.0065,0.0093,0,0,0.1964,0,1]},
{"frame":237,"values":[0.006,0.989,0.1477,0,0.0044,0.1477,-0.989,0,-1,0.0065,-0.0035,0,0,0.1964,0,1]},
{"frame":238,"values":[0.004,0.989,0.1476,0,0.0175,0.1475,-0.9889,0,-0.9998,0.0065,-0.0167,0,0,0.1964,0,1]},
{"frame":239,"values":[0.002,0.9891,0.1474,0,0.0309,0.1473,-0.9886,0,-0.9995,0.0065,-0.0303,0,0,0.1964,0,1]},
{"frame":240,"values":[0,0.9891,0.1472,0,0.0445,0.1471,-0.9881,0,-0.999,0.0065,-0.044,0,0,0.1964,0,1]},
{"frame":241,"values":[-0.0023,0.9891,0.147,0,0.0596,0.1469,-0.9874,0,-0.9982,0.0065,-0.0593,0,0,0.1964,0,1]},
{"frame":242,"values":[-0.005,0.9892,0.1468,0,0.0779,0.1467,-0.9861,0,-0.9969,0.0065,-0.0778,0,0,0.1964,0,1]},
{"frame":243,"values":[-0.0081,0.9892,0.1465,0,0.0992,0.1466,-0.9842,0,-0.995,0.0065,-0.0993,0,0,0.1964,0,1]},
{"frame":244,"values":[-0.0117,0.9892,0.1462,0,0.123,0.1465,-0.9815,0,-0.9923,0.0065,-0.1234,0,0,0.1964,0,1]},
{"frame":245,"values":[-0.0155,0.9892,0.1458,0,0.1488,0.1465,-0.9779,0,-0.9887,0.0065,-0.1495,0,0,0.1964,0,1]},
{"frame":246,"values":[-0.0196,0.9892,0.1454,0,0.1759,0.1465,-0.9734,0,-0.9842,0.0065,-0.1769,0,0,0.1964,0,1]},
{"frame":247,"values":[-0.0237,0.9892,0.1448,0,0.2032,0.1466,-0.9681,0,-0.9788,0.0065,-0.2045,0,0,0.1964,0,1]},
{"frame":248,"values":[-0.0277,0.9892,0.1442,0,0.2297,0.1466,-0.9622,0,-0.9729,0.0065,-0.2313,0,0,0.1964,0,1]},
{"frame":249,"values":[-0.0314,0.9892,0.1435,0,0.2543,0.1467,-0.9559,0,-0.9666,0.0065,-0.2561,0,0,0.1964,0,1]},
{"frame":250,"values":[-0.0346,0.9891,0.1428,0,0.276,0.1468,-0.9499,0,-0.9605,0.0065,-0.2781,0,0,0.1964,0,1]},
{"frame":251,"values":[-0.0374,0.9891,0.1422,0,0.2941,0.1469,-0.9444,0,-0.955,0.0065,-0.2964,0,0,0.1964,0,1]},
{"frame":252,"values":[-0.0395,0.9891,0.1417,0,0.3084,0.147,-0.9398,0,-0.9504,0.0065,-0.3108,0,0,0.1964,0,1]},
{"frame":253,"values":[-0.0411,0.9891,0.1413,0,0.3185,0.147,-0.9365,0,-0.947,0.0065,-0.321,0,0,0.1964,0,1]},
{"frame":254,"values":[-0.042,0.9891,0.1411,0,0.3244,0.1471,-0.9344,0,-0.945,0.0065,-0.3271,0,0,0.1964,0,1]},
{"frame":255,"values":[-0.0423,0.9891,0.141,0,0.3264,0.1471,-0.9337,0,-0.9443,0.0065,-0.329,0,0,0.1964,0,1]},
{"frame":256,"values":[-0.0419,0.9891,0.1411,0,0.3237,0.1471,-0.9347,0,-0.9452,0.0065,-0.3264,0,0,0.1964,0,1]},
{"frame":257,"values":[-0.0407,0.9891,0.1415,0,0.3157,0.1471,-0.9374,0,-0.948,0.0065,-0.3182,0,0,0.1964,0,1]},
{"frame":258,"values":[-0.0386,0.9891,0.1421,0,0.3022,0.1471,-0.9418,0,-0.9525,0.0065,-0.3046,0,0,0.1964,0,1]},
{"frame":259,"values":[-0.0358,0.9891,0.1428,0,0.2835,0.1471,-0.9476,0,-0.9583,0.0065,-0.2856,0,0,0.1964,0,1]},
{"frame":260,"values":[-0.0323,0.9891,0.1436,0,0.26,0.1471,-0.9543,0,-0.9651,0.0065,-0.2619,0,0,0.1964,0,1]},
{"frame":261,"values":[-0.0282,0.9891,0.1445,0,0.2327,0.1471,-0.9614,0,-0.9721,0.0065,-0.2343,0,0,0.1964,0,1]},
{"frame":262,"values":[-0.0237,0.9891,0.1453,0,0.2028,0.1471,-0.9681,0,-0.9789,0.0065,-0.2041,0,0,0.1964,0,1]},
{"frame":263,"values":[-0.019,0.9891,0.146,0,0.1719,0.1471,-0.9741,0,-0.9849,0.0065,-0.1729,0,0,0.1964,0,1]},
{"frame":264,"values":[-0.0145,0.9891,0.1465,0,0.1417,0.1471,-0.9789,0,-0.9898,0.0065,-0.1423,0,0,0.1964,0,1]},
{"frame":265,"values":[-0.0103,0.9891,0.1469,0,0.1137,0.1471,-0.9826,0,-0.9935,0.0065,-0.114,0,0,0.1964,0,1]},
{"frame":266,"values":[-0.0067,0.9891,0.1471,0,0.0895,0.1471,-0.9851,0,-0.996,0.0065,-0.0895,0,0,0.1964,0,1]},
{"frame":267,"values":[-0.0038,0.9891,0.1472,0,0.07,0.1471,-0.9866,0,-0.9975,0.0065,-0.0698,0,0,0.1964,0,1]},
{"frame":268,"values":[-0.0017,0.9891,0.1472,0,0.0558,0.1471,-0.9875,0,-0.9984,0.0065,-0.0554,0,0,0.1964,0,1]},
{"frame":269,"values":[-0.0004,0.9891,0.1472,0,0.0473,0.1471,-0.988,0,-0.9989,0.0065,-0.0468,0,0,0.1964,0,1]},
{"frame":270,"values":[0,0.9891,0.1472,0,0.0445,0.1471,-0.9881,0,-0.999,0.0065,-0.044,0,0,0.1964,0,1]},
{"frame":281,"values":[0,0.9889,0.1485,0,0.0445,0.1484,-0.9879,0,-0.999,0.0066,-0.044,0,0,0.1964,0,1]},
{"frame":282,"values":[0.0002,0.9889,0.1485,0,0.0431,0.1484,-0.988,0,-0.9991,0.0066,-0.0426,0,0,0.1964,0,1]},
{"frame":283,"values":[0.0008,0.9889,0.1485,0,0.039,0.1484,-0.9882,0,-0.9992,0.0066,-0.0384,0,0,0.1964,0,1]},
{"frame":284,"values":[0.0019,0.9889,0.1485,0,0.0321,0.1484,-0.9884,0,-0.9995,0.0066,-0.0315,0,0,0.1964,0,1]},
{"frame":285,"values":[0.0033,0.9889,0.1485,0,0.0227,0.1484,-0.9887,0,-0.9997,0.0066,-0.0219,0,0,0.1964,0,1]},
{"frame":286,"values":[0.005,0.9889,0.1484,0,0.011,0.1484,-0.9889,0,-0.9999,0.0066,-0.0102,0,0,0.1964,0,1]},
{"frame":287,"values":[0.007,0.9889,0.1484,0,-0.0022,0.1484,-0.9889,0,-1,0.0066,0.0032,0,0,0.1964,0,1]},
{"frame":288,"values":[0.0091,0.9889,0.1483,0,-0.0163,0.1484,-0.9888,0,-0.9998,0.0066,0.0175,0,0,0.1964,0,1]},
{"frame":289,"values":[0.0112,0.9889,0.1481,0,-0.0304,0.1484,-0.9885,0,-0.9995,0.0066,0.0317,0,0,0.1964,0,1]},
{"frame":290,"values":[0.0132,0.9889,0.1479,0,-0.0436,0.1484,-0.988,0,-0.999,0.0066,0.0451,0,0,0.1964,0,1]},
{"frame":291,"values":[0.015,0.9889,0.1478,0,-0.0552,0.1484,-0.9874,0,-0.9984,0.0066,0.0568,0,0,0.1964,0,1]},
{"frame":292,"values":[0.0164,0.9889,0.1476,0,-0.0646,0.1484,-0.9868,0,-0.9978,0.0066,0.0663,0,0,0.1964,0,1]},
{"frame":293,"values":[0.0174,0.9889,0.1475,0,-0.0715,0.1484,-0.9863,0,-0.9973,0.0066,0.0733,0,0,0.1964,0,1]},
{"frame":294,"values":[0.018,0.9889,0.1474,0,-0.0756,0.1484,-0.986,0,-0.997,0.0066,0.0775,0,0,0.1964,0,1]},
{"frame":295,"values":[0.0182,0.9889,0.1474,0,-0.077,0.1484,-0.9859,0,-0.9969,0.0066,0.0788,0,0,0.1964,0,1]},
{"frame":296,"values":[0.0181,0.9889,0.1474,0,-0.0766,0.1483,-0.986,0,-0.9969,0.0066,0.0784,0,0,0.1964,0,1]},
{"frame":297,"values":[0.0179,0.9889,0.1474,0,-0.0752,0.1483,-0.9861,0,-0.997,0.0066,0.077,0,0,0.1964,0,1]},
{"frame":298,"values":[0.0176,0.9889,0.1474,0,-0.0728,0.1483,-0.9863,0,-0.9972,0.0066,0.0746,0,0,0.1964,0,1]},
{"frame":299,"values":[0.017,0.9889,0.1475,0,-0.0692,0.1483,-0.9865,0,-0.9975,0.0066,0.0709,0,0,0.1964,0,1]},
{"frame":300,"values":[0.0163,0.9889,0.1475,0,-0.0643,0.1483,-0.9869,0,-0.9978,0.0066,0.066,0,0,0.1964,0,1]},
{"frame":301,"values":[0.0153,0.9889,0.1476,0,-0.0581,0.1482,-0.9872,0,-0.9982,0.0066,0.0597,0,0,0.1964,0,1]},
{"frame":302,"values":[0.0142,0.9889,0.1477,0,-0.0505,0.1482,-0.9877,0,-0.9986,0.0066,0.052,0,0,0.1964,0,1]},
{"frame":303,"values":[0.0128,0.9889,0.1477,0,-0.0416,0.1481,-0.9881,0,-0.9991,0.0066,0.043,0,0,0.1964,0,1]},
{"frame":304,"values":[0.0113,0.989,0.1478,0,-0.0314,0.1481,-0.9885,0,-0.9994,0.0066,0.0328,0,0,0.1964,0,1]},
{"frame":305,"values":[0.0097,0.989,0.1478,0,-0.0203,0.1479,-0.9888,0,-0.9997,0.0065,0.0215,0,0,0.1964,0,1]},
{"frame":306,"values":[0.0079,0.989,0.1478,0,-0.0083,0.1478,-0.989,0,-0.9999,0.0065,0.0093,0,0,0.1964,0,1]},
{"frame":307,"values":[0.006,0.989,0.1477,0,0.0044,0.1477,-0.989,0,-1,0.0065,-0.0035,0,0,0.1964,0,1]},
{"frame":308,"values":[0.004,0.989,0.1476,0,0.0175,0.1475,-0.9889,0,-0.9998,0.0065,-0.0167,0,0,0.1964,0,1]},
{"frame":309,"values":[0.002,0.9891,0.1474,0,0.0309,0.1473,-0.9886,0,-0.9995,0.0065,-0.0303,0,0,0.1964,0,1]},
{"frame":310,"values":[0,0.9891,0.1472,0,0.0445,0.1471,-0.9881,0,-0.999,0.0065,-0.044,0,0,0.1964,0,1]},
{"frame":311,"values":[-0.0023,0.9891,0.147,0,0.0596,0.1469,-0.9874,0,-0.9982,0.0065,-0.0593,0,0,0.1964,0,1]},
{"frame":312,"values":[-0.005,0.9892,0.1468,0,0.0779,0.1467,-0.9861,0,-0.9969,0.0065,-0.0778,0,0,0.1964,0,1]},
{"frame":313,"values":[-0.0081,0.9892,0.1465,0,0.0992,0.1466,-0.9842,0,-0.995,0.0065,-0.0993,0,0,0.1964,0,1]},
{"frame":314,"values":[-0.0117,0.9892,0.1462,0,0.123,0.1465,-0.9815,0,-0.9923,0.0065,-0.1234,0,0,0.1964,0,1]},
{"frame":315,"values":[-0.0155,0.9892,0.1458,0,0.1488,0.1465,-0.9779,0,-0.9887,0.0065,-0.1495,0,0,0.1964,0,1]},
{"frame":316,"values":[-0.0196,0.9892,0.1454,0,0.1759,0.1465,-0.9734,0,-0.9842,0.0065,-0.1769,0,0,0.1964,0,1]},
{"frame":317,"values":[-0.0237,0.9892,0.1448,0,0.2032,0.1466,-0.9681,0,-0.9788,0.0065,-0.2045,0,0,0.1964,0,1]},
{"frame":318,"values":[-0.0277,0.9892,0.1442,0,0.2297,0.1466,-0.9622,0,-0.9729,0.0065,-0.2313,0,0,0.1964,0,1]},
{"frame":319,"values":[-0.0314,0.9892,0.1435,0,0.2543,0.1467,-0.9559,0,-0.9666,0.0065,-0.2561,0,0,0.1964,0,1]},
{"frame":320,"values":[-0.0346,0.9891,0.1428,0,0.276,0.1468,-0.9499,0,-0.9605,0.0065,-0.2781,0,0,0.1964,0,1]},
{"frame":321,"values":[-0.0374,0.9891,0.1422,0,0.2941,0.1469,-0.9444,0,-0.955,0.0065,-0.2964,0,0,0.1964,0,1]},
{"frame":322,"values":[-0.0395,0.9891,0.1417,0,0.3084,0.147,-0.9398,0,-0.9504,0.0065,-0.3108,0,0,0.1964,0,1]},
{"frame":323,"values":[-0.0411,0.9891,0.1413,0,0.3185,0.147,-0.9365,0,-0.947,0.0065,-0.321,0,0,0.1964,0,1]},
{"frame":324,"values":[-0.042,0.9891,0.1411,0,0.3244,0.1471,-0.9344,0,-0.945,0.0065,-0.3271,0,0,0.1964,0,1]},
{"frame":325,"values":[-0.0423,0.9891,0.141,0,0.3264,0.1471,-0.9337,0,-0.9443,0.0065,-0.329,0,0,0.1964,0,1]},
{"frame":326,"values":[-0.0419,0.9891,0.1411,0,0.3237,0.1471,-0.9347,0,-0.9452,0.0065,-0.3264,0,0,0.1964,0,1]},
{"frame":327,"values":[-0.0407,0.9891,0.1415,0,0.3156,0.1471,-0.9374,0,-0.948,0.0065,-0.3182,0,0,0.1964,0,1]},
{"frame":328,"values":[-0.0386,0.9891,0.1421,0,0.3022,0.1471,-0.9418,0,-0.9525,0.0065,-0.3046,0,0,0.1964,0,1]},
{"frame":329,"values":[-0.0358,0.9891,0.1428,0,0.2835,0.1471,-0.9476,0,-0.9583,0.0065,-0.2856,0,0,0.1964,0,1]},
{"frame":330,"values":[-0.0323,0.9891,0.1436,0,0.26,0.1471,-0.9543,0,-0.9651,0.0065,-0.2619,0,0,0.1964,0,1]},
{"frame":331,"values":[-0.0282,0.9891,0.1445,0,0.2327,0.1471,-0.9614,0,-0.9721,0.0065,-0.2343,0,0,0.1964,0,1]},
{"frame":332,"values":[-0.0237,0.9891,0.1453,0,0.2028,0.1471,-0.9681,0,-0.9789,0.0065,-0.2041,0,0,0.1964,0,1]},
{"frame":333,"values":[-0.019,0.9891,0.146,0,0.1719,0.1471,-0.9741,0,-0.9849,0.0065,-0.1729,0,0,0.1964,0,1]},
