{"producer":{"name":"Blender","version":"2.78 (sub 0)","exporter_version":"4.6.1","file":"untitled.babylon"},
"autoClear":true,"clearColor":[0.0509,0.0509,0.0509],"ambientColor":[0,0,0],"gravity":[0,-9.81,0],
"materials":[{"name":"untitled.main.003","id":"untitled.main.003","ambient":[0.64,0.64,0.64],"diffuse":[0.512,0.512,0.512],"specular":[0.5,0.5,0.5],"emissive":[0,0,0],"specularPower":48,"alpha":1,"backFaceCulling":true,"checkReadyOnlyOnce":false, 
"diffuseTexture":{"name":"kirito.png","level":1,"hasAlpha":1,"coordinatesMode":0,"uOffset":0,"vOffset":0,"uScale":1,"vScale":1,"uAng":0,"vAng":0,"wAng":0,"wrapU":1,"wrapV":1,"coordinatesIndex":0}}],
"multiMaterials":[],
"skeletons":[{"name":"Armature","id":0,"dimensionsAtRest":[0.7433,2.4698,1.4454],"bones":[
{"name":"Bone","index":0,"matrix":[1,0,0,0,0,1,-0.0093,0,0,-0.0093,-1,0,0,0,0.0668,1],"rest":[1,0,0,0,0,1,-0.0093,0,0,-0.0093,-1,0,0,0,0.0668,1],"parentBoneIndex":-1,"length":0.1893
,"animation":{"dataType":3,"framePerSecond":24,"keys":[
{"frame":1,"values":[1,0,0,0,0,1,-0.0093,0,0,-0.0093,-1,0,0,0,0.0668,1]},
{"frame":40,"values":[1,0,0,0,0,1,-0.0093,0,0,-0.0093,-1,0,0,0,0.0668,1]}],"loopBehavior":1,"name":"anim","property":"_matrix"}},
{"name":"Bone.002","index":1,"matrix":[1,0,0,0,0,0.987,0.1605,0,0,-0.1605,0.987,0,0,0.1893,0,1],"rest":[1,0,0,0,0,0.987,0.1605,0,0,-0.1605,0.987,0,0,0.1893,0,1],"parentBoneIndex":0,"length":0.1789
,"animation":{"dataType":3,"framePerSecond":24,"keys":[
{"frame":1,"values":[1,0,0,0,0,0.987,0.1605,0,0,-0.1605,0.987,0,0,0.1893,0,1]},
{"frame":40,"values":[1,0,0,0,0,0.987,0.1605,0,0,-0.1605,0.987,0,0,0.1893,0,1]}],"loopBehavior":1,"name":"anim","property":"_matrix"}},
{"name":"Bone.001","index":2,"matrix":[1,0,0,0,0,0.9913,-0.1314,0,0,0.1314,0.9913,0,0,0.1789,0,1],"rest":[1,0,0,0,0,0.9913,-0.1314,0,0,0.1314,0.9913,0,0,0.1789,0,1],"parentBoneIndex":1,"length":0.2242
,"animation":{"dataType":3,"framePerSecond":24,"keys":[
{"frame":1,"values":[1,0,0,0,0,0.9913,-0.1314,0,0,0.1314,0.9913,0,0,0.1789,0,1]},
{"frame":40,"values":[1,0,0,0,0,0.9913,-0.1314,0,0,0.1314,0.9913,0,0,0.1789,0,1]}],"loopBehavior":1,"name":"anim","property":"_matrix"}},
{"name":"Bone.003","index":3,"matrix":[1,0,0,0,0,0.9683,-0.2498,0,0,0.2498,0.9683,0,0,0.2242,0,1],"rest":[1,0,0,0,0,0.9683,-0.2498,0,0,0.2498,0.9683,0,0,0.2242,0,1],"parentBoneIndex":2,"length":0.2248
,"animation":{"dataType":3,"framePerSecond":24,"keys":[
{"frame":1,"values":[1,0,0,0,0,0.9683,-0.2498,0,0,0.2498,0.9683,0,0,0.2242,0,1]},
{"frame":40,"values":[1,0,0,0,0,0.9683,-0.2498,0,0,0.2498,0.9683,0,0,0.2242,0,1]}],"loopBehavior":1,"name":"anim","property":"_matrix"}},
{"name":"Bone.004","index":4,"matrix":[0.115,0.2213,-0.9684,0,-0.989,-0.0658,-0.1325,0,-0.0931,0.973,0.2113,0,0,0.2248,0,1],"rest":[0.115,0.2213,-0.9684,0,-0.989,-0.0658,-0.1325,0,-0.0931,0.973,0.2113,0,0,0.2248,0,1],"parentBoneIndex":3,"length":0.1876
,"animation":{"dataType":3,"framePerSecond":24,"keys":[
{"frame":1,"values":[0.115,0.2213,-0.9684,0,-0.989,-0.0658,-0.1325,0,-0.0931,0.973,0.2113,0,0,0.2248,0,1]},
{"frame":40,"values":[0.115,0.2213,-0.9684,0,-0.989,-0.0658,-0.1325,0,-0.0931,0.973,0.2113,0,0,0.2248,0,1]}],"loopBehavior":1,"name":"anim","property":"_matrix"}},
{"name":"Bone.006","index":5,"matrix":[0.1103,-0.948,-0.2985,0,-0.043,0.2955,-0.9544,0,0.993,0.1181,-0.0081,0,0,0.1876,0,1],"rest":[0.0825,-0.7096,-0.6998,0,-0.0893,0.6941,-0.7143,0,0.9926,0.1215,-0.0061,0,0,0.1876,0,1],"parentBoneIndex":4,"length":0.5082
,"animation":{"dataType":3,"framePerSecond":24,"keys":[
{"frame":1,"values":[0.1103,-0.948,-0.2985,0,-0.043,0.2955,-0.9544,0,0.993,0.1181,-0.0081,0,0,0.1876,0,1]},
{"frame":2,"values":[0.1147,-0.9475,-0.2985,0,-0.022,0.298,-0.9543,0,0.9932,0.1161,0.0134,0,0,0.1876,0,1]},
{"frame":3,"values":[0.1278,-0.946,-0.2978,0,0.0393,0.3048,-0.9516,0,0.991,0.1099,0.0761,0,0,0.1876,0,1]},
{"frame":4,"values":[0.1465,-0.9441,-0.2953,0,0.1272,0.314,-0.9409,0,0.981,0.1003,0.1661,0,0,0.1876,0,1]},
{"frame":5,"values":[0.1649,-0.9423,-0.2912,0,0.2138,0.3224,-0.9222,0,0.9629,0.0898,0.2546,0,0,0.1876,0,1]},
{"frame":6,"values":[0.1775,-0.9412,-0.2873,0,0.2727,0.3276,-0.9046,0,0.9456,0.0822,0.3148,0,0,0.1876,0,1]},
{"frame":7,"values":[0.1817,-0.9409,-0.2858,0,0.2926,0.3292,-0.8978,0,0.9388,0.0795,0.3352,0,0,0.1876,0,1]},
{"frame":8,"values":[0.1762,-0.9414,-0.2877,0,0.2669,0.327,-0.9065,0,0.9475,0.083,0.3089,0,0,0.1876,0,1]},
{"frame":9,"values":[0.1596,-0.9429,-0.2924,0,0.1888,0.3199,-0.9284,0,0.969,0.093,0.2291,0,0,0.1876,0,1]},
{"frame":10,"values":[0.1334,-0.9455,-0.2969,0,0.0659,0.3074,-0.9493,0,0.9889,0.1071,0.1033,0,0,0.1876,0,1]},
{"frame":11,"values":[0.1032,-0.949,-0.298,0,-0.0761,0.2912,-0.9536,0,0.9917,0.1211,-0.0421,0,0,0.1876,0,1]},
{"frame":12,"values":[0.0768,-0.9523,-0.2954,0,-0.1999,0.2755,-0.9403,0,0.9768,0.1313,-0.1692,0,0,0.1876,0,1]},
{"frame":13,"values":[0.06,-0.9545,-0.292,0,-0.2788,0.2649,-0.9231,0,0.9585,0.1368,-0.2502,0,0,0.1876,0,1]},
{"frame":14,"values":[0.0544,-0.9552,-0.2908,0,-0.3047,0.2615,-0.9159,0,0.9509,0.1385,-0.2769,0,0,0.1876,0,1]},
{"frame":15,"values":[0.0576,-0.9547,-0.292,0,-0.2895,0.2639,-0.9201,0,0.9554,0.1375,-0.2612,0,0,0.1876,0,1]},
{"frame":16,"values":[0.0667,-0.9534,-0.2942,0,-0.247,0.2699,-0.9307,0,0.9667,0.1348,-0.2175,0,0,0.1876,0,1]},
{"frame":17,"values":[0.0799,-0.9517,-0.2966,0,-0.1851,0.2782,-0.9425,0,0.9795,0.1302,-0.1539,0,0,0.1876,0,1]},
{"frame":18,"values":[0.0943,-0.9499,-0.2981,0,-0.1178,0.2867,-0.9508,0,0.9885,0.1248,-0.0849,0,0,0.1876,0,1]},
{"frame":19,"values":[0.1057,-0.9485,-0.2985,0,-0.0642,0.2931,-0.9539,0,0.9923,0.12,-0.0299,0,0,0.1876,0,1]},
{"frame":20,"values":[0.1103,-0.948,-0.2985,0,-0.043,0.2955,-0.9544,0,0.993,0.1181,-0.0081,0,0,0.1876,0,1]},
{"frame":22,"values":[0.0958,-0.9466,-0.3078,0,-0.1541,0.2914,-0.9441,0,0.9834,0.1379,-0.118,0,0,0.1876,0,1]},
{"frame":23,"values":[0.0526,-0.9445,-0.3243,0,-0.4402,0.2695,-0.8565,0,0.8963,0.1878,-0.4016,0,0,0.1876,0,1]},
{"frame":24,"values":[-0.0091,-0.9456,-0.3252,0,-0.7566,0.2192,-0.6161,0,0.6539,0.2404,-0.7174,0,0,0.1876,0,1]},
{"frame":25,"values":[-0.0623,-0.9505,-0.3046,0,-0.9408,0.1578,-0.3001,0,0.3333,0.2678,-0.904,0,0,0.1876,0,1]},
{"frame":26,"values":[-0.0912,-0.9553,-0.2811,0,-0.9913,0.1141,-0.066,0,0.0951,0.2727,-0.9574,0,0,0.1876,0,1]},
{"frame":27,"values":[-0.0996,-0.9572,-0.2717,0,-0.995,0.0991,0.0155,0,0.0121,0.2719,-0.9623,0,0,0.1876,0,1]},
{"frame":28,"values":[-0.0846,-0.9537,-0.2887,0,-0.9951,0.096,-0.0254,0,0.0519,0.2851,-0.9571,0,0,0.1876,0,1]},
{"frame":29,"values":[-0.0356,-0.9416,-0.3349,0,-0.9844,0.0908,-0.1506,0,0.1722,0.3243,-0.9301,0,0,0.1876,0,1]},
{"frame":30,"values":[0.0506,-0.9192,-0.3906,0,-0.9332,0.0958,-0.3464,0,0.3558,0.382,-0.8529,0,0,0.1876,0,1]},
{"frame":31,"values":[0.1597,-0.8907,-0.4255,0,-0.8184,0.1216,-0.5616,0,0.552,0.4379,-0.7096,0,0,0.1876,0,1]},
{"frame":32,"values":[0.2571,-0.868,-0.4249,0,-0.6603,0.1632,-0.733,0,0.7056,0.469,-0.5312,0,0,0.1876,0,1]},
{"frame":33,"values":[0.3144,-0.8604,-0.401,0,-0.5079,0.2044,-0.8368,0,0.802,0.4668,-0.3727,0,0,0.1876,0,1]},
{"frame":34,"values":[0.3245,-0.8693,-0.3729,0,-0.3953,0.2335,-0.8884,0,0.8593,0.4357,-0.2679,0,0,0.1876,0,1]},
{"frame":35,"values":[0.3016,-0.8879,-0.3473,0,-0.3061,0.2548,-0.9173,0,0.9029,0.383,-0.1949,0,0,0.1876,0,1]},
{"frame":36,"values":[0.2597,-0.9091,-0.3257,0,-0.2182,0.2733,-0.9369,0,0.9407,0.3143,-0.1274,0,0,0.1876,0,1]},
{"frame":37,"values":[0.2062,-0.9279,-0.3106,0,-0.141,0.2859,-0.9478,0,0.9683,0.2392,-0.0719,0,0,0.1876,0,1]},
{"frame":38,"values":[0.1556,-0.9404,-0.3025,0,-0.0843,0.2925,-0.9526,0,0.9842,0.1737,-0.0338,0,0,0.1876,0,1]},
{"frame":39,"values":[0.1217,-0.9464,-0.2993,0,-0.0525,0.2949,-0.9541,0,0.9912,0.1318,-0.0138,0,0,0.1876,0,1]},
{"frame":40,"values":[0.1103,-0.948,-0.2985,0,-0.043,0.2955,-0.9544,0,0.993,0.1181,-0.0081,0,0,0.1876,0,1]}],"loopBehavior":1,"name":"anim","property":"_matrix"}},
{"name":"Bone.010","index":6,"matrix":[0.9996,-0.0273,0.0047,0,0.0275,0.9965,-0.0784,0,-0.0025,0.0785,0.9969,0,0,0.5082,0,1],"rest":[0.9996,-0.0273,0.0047,0,0.0275,0.9965,-0.0784,0,-0.0025,0.0785,0.9969,0,0,0.5082,0,1],"parentBoneIndex":5,"length":0.4991
,"animation":{"dataType":3,"framePerSecond":24,"keys":[
{"frame":1,"values":[0.9996,-0.0273,0.0047,0,0.0275,0.9965,-0.0784,0,-0.0025,0.0785,0.9969,0,0,0.5082,0,1]},
{"frame":22,"values":[0.9986,-0.0525,0.0015,0,0.0514,0.9701,-0.2371,0,0.011,0.2369,0.9715,0,0,0.5082,0,1]},
{"frame":23,"values":[0.9916,-0.1282,0.0157,0,0.106,0.7378,-0.6666,0,0.0739,0.6627,0.7452,0,0,0.5082,0,1]},
{"frame":24,"values":[0.9731,-0.209,0.0968,0,0.1148,0.0757,-0.9905,0,0.1997,0.975,0.0976,0,0,0.5082,0,1]},
{"frame":25,"values":[0.9554,-0.2187,0.1984,0,0.0408,-0.5676,-0.8223,0,0.2925,0.7937,-0.5334,0,0,0.5082,0,1]},
{"frame":26,"values":[0.9473,-0.1998,0.2503,0,-0.0303,-0.8339,-0.551,0,0.3188,0.5144,-0.7961,0,0,0.5082,0,1]},
{"frame":27,"values":[0.9438,-0.2017,0.2619,0,-0.0651,-0.8903,-0.4508,0,0.3241,0.4084,-0.8534,0,0,0.5082,0,1]},
{"frame":28,"values":[0.9386,-0.2349,0.2526,0,-0.0716,-0.849,-0.5235,0,0.3374,0.4733,-0.8137,0,0,0.5082,0,1]},
{"frame":29,"values":[0.9288,-0.2989,0.2188,0,-0.0489,-0.6845,-0.7274,0,0.3672,0.6649,-0.6504,0,0,0.5082,0,1]},
{"frame":30,"values":[0.9191,-0.3715,0.131,0,0.0161,-0.2968,-0.9548,0,0.3936,0.8797,-0.2668,0,0,0.5082,0,1]},
{"frame":31,"values":[0.9198,-0.3924,-0.0046,0,0.1043,0.2557,-0.9611,0,0.3783,0.8835,0.2762,0,0,0.5082,0,1]},
{"frame":32,"values":[0.9313,-0.3453,-0.1158,0,0.1621,0.6777,-0.7173,0,0.3261,0.6493,0.6871,0,0,0.5082,0,1]},
{"frame":33,"values":[0.9434,-0.2838,-0.1718,0,0.1785,0.8707,-0.4582,0,0.2796,0.4016,0.8721,0,0,0.5082,0,1]},
{"frame":34,"values":[0.9508,-0.2408,-0.1947,0,0.174,0.9356,-0.3073,0,0.2562,0.2583,0.9315,0,0,0.5082,0,1]},
{"frame":35,"values":[0.9599,-0.2027,-0.1936,0,0.1582,0.9619,-0.2227,0,0.2314,0.1832,0.9555,0,0,0.5082,0,1]},
{"frame":36,"values":[0.9746,-0.1551,-0.1617,0,0.1302,0.9794,-0.1544,0,0.1823,0.1294,0.9747,0,0,0.5082,0,1]},
{"frame":37,"values":[0.9886,-0.1053,-0.1075,0,0.0936,0.9897,-0.1087,0,0.1179,0.0974,0.9882,0,0,0.5082,0,1]},
{"frame":38,"values":[0.9967,-0.0631,-0.0501,0,0.0586,0.9946,-0.0861,0,0.0553,0.0829,0.995,0,0,0.5082,0,1]},
{"frame":39,"values":[0.9993,-0.0361,-0.0094,0,0.0353,0.9962,-0.0791,0,0.0122,0.0787,0.9968,0,0,0.5082,0,1]},
{"frame":40,"values":[0.9996,-0.0273,0.0047,0,0.0275,0.9965,-0.0784,0,-0.0025,0.0785,0.9969,0,0,0.5082,0,1]}],"loopBehavior":1,"name":"anim","property":"_matrix"}},
{"name":"Bone.023","index":7,"matrix":[-0.7932,0.6062,0.0568,0,-0.0049,0.0869,-0.9962,0,-0.6089,-0.7905,-0.0659,0,0.0227,0.517,0.1257,1],"rest":[-0.7932,0.6062,0.0568,0,-0.0049,0.0869,-0.9962,0,-0.6089,-0.7905,-0.0659,0,0.0227,0.517,0.1257,1],"parentBoneIndex":6,"length":1.4454
,"animation":{"dataType":3,"framePerSecond":24,"keys":[
{"frame":1,"values":[-0.7932,0.6062,0.0568,0,-0.0049,0.0869,-0.9962,0,-0.6089,-0.7905,-0.0659,0,0.0227,0.517,0.1257,1]},
{"frame":22,"values":[-0.7859,0.6152,0.0622,0,0.0106,0.114,-0.9934,0,-0.6183,-0.7801,-0.0962,0,0.0227,0.5149,0.1242,1]},
{"frame":23,"values":[-0.767,0.6368,0.0789,0,0.0515,0.1836,-0.9817,0,-0.6396,-0.7489,-0.1736,0,0.0227,0.5093,0.1201,1]},
{"frame":24,"values":[-0.743,0.6609,0.106,0,0.1059,0.2723,-0.9564,0,-0.6609,-0.6993,-0.2723,0,0.0227,0.5016,0.1146,1]},
{"frame":25,"values":[-0.7211,0.6787,0.139,0,0.1585,0.3569,-0.9206,0,-0.6745,-0.6418,-0.365,0,0.0228,0.4933,0.1086,1]},
{"frame":26,"values":[-0.7071,0.6861,0.1711,0,0.1953,0.4221,-0.8852,0,-0.6796,-0.5926,-0.4325,0,0.0228,0.4857,0.1031,1]},
{"frame":27,"values":[-0.7037,0.6827,0.1966,0,0.2073,0.462,-0.8623,0,-0.6795,-0.5661,-0.4667,0,0.0228,0.4796,0.0987,1]},
{"frame":28,"values":[-0.7097,0.6695,0.2194,0,0.2005,0.4904,-0.8481,0,-0.6754,-0.5579,-0.4822,0,0.0229,0.4742,0.0947,1]},
{"frame":29,"values":[-0.7227,0.6463,0.2448,0,0.1836,0.521,-0.8336,0,-0.6663,-0.5575,-0.4952,0,0.0229,0.4685,0.0906,1]},
{"frame":30,"values":[-0.7406,0.6151,0.2703,0,0.1585,0.5509,-0.8194,0,-0.653,-0.564,-0.5055,0,0.0229,0.4628,0.0865,1]},
{"frame":31,"values":[-0.7597,0.5807,0.2927,0,0.1297,0.5764,-0.8068,0,-0.6372,-0.5749,-0.5132,0,0.0229,0.4578,0.0829,1]},
{"frame":32,"values":[-0.7761,0.5497,0.3089,0,0.1038,0.5946,-0.7973,0,-0.622,-0.5867,-0.5185,0,0.023,0.4542,0.0803,1]},
{"frame":33,"values":[-0.7878,0.5277,0.3176,0,0.086,0.6049,-0.7917,0,-0.6099,-0.5964,-0.5219,0,0.023,0.452,0.0787,1]},
{"frame":34,"values":[-0.7942,0.5171,0.319,0,0.0787,0.6082,-0.7899,0,-0.6025,-0.6022,-0.5237,0,0.023,0.4513,0.0782,1]},
{"frame":35,"values":[-0.7965,0.5231,0.3034,0,0.0725,0.5807,-0.8109,0,-0.6003,-0.6239,-0.5004,0,0.023,0.4554,0.0811,1]},
{"frame":36,"values":[-0.7959,0.5469,0.2596,0,0.0577,0.4955,-0.8667,0,-0.6026,-0.6749,-0.4259,0,0.0229,0.4672,0.0897,1]},
{"frame":37,"values":[-0.7943,0.576,0.1932,0,0.0365,0.3627,-0.9312,0,-0.6064,-0.7326,-0.3091,0,0.0228,0.4842,0.102,1]},
{"frame":38,"values":[-0.7933,0.5962,0.1233,0,0.0151,0.2217,-0.975,0,-0.6087,-0.7716,-0.1849,0,0.0227,0.5011,0.1142,1]},
{"frame":39,"values":[-0.7932,0.6045,0.0738,0,0.0002,0.1214,-0.9926,0,-0.609,-0.7873,-0.0964,0,0.0227,0.5129,0.1228,1]},
{"frame":40,"values":[-0.7932,0.6062,0.0568,0,-0.0049,0.0869,-0.9962,0,-0.6089,-0.7905,-0.0659,0,0.0227,0.517,0.1257,1]}],"loopBehavior":1,"name":"anim","property":"_matrix"}},
{"name":"Bone.005","index":8,"matrix":[0.1205,-0.2222,0.9675,0,0.9879,-0.069,-0.1389,0,0.0976,0.9726,0.2112,0,0,0.2248,0,1],"rest":[0.1205,-0.2222,0.9675,0,0.9879,-0.069,-0.1389,0,0.0976,0.9726,0.2112,0,0,0.2248,0,1],"parentBoneIndex":3,"length":0.1791
,"animation":{"dataType":3,"framePerSecond":24,"keys":[
{"frame":1,"values":[0.1205,-0.2222,0.9675,0,0.9879,-0.069,-0.1389,0,0.0976,0.9726,0.2112,0,0,0.2248,0,1]},
{"frame":40,"values":[0.1205,-0.2222,0.9675,0,0.9879,-0.069,-0.1389,0,0.0976,0.9726,0.2112,0,0,0.2248,0,1]}],"loopBehavior":1,"name":"anim","property":"_matrix"}},
{"name":"Bone.007","index":9,"matrix":[0.1158,0.9494,0.2919,0,0.0438,0.2887,-0.9564,0,-0.9923,0.1235,-0.0082,0,0,0.1791,0,1],"rest":[0.0861,0.706,0.703,0,0.0936,0.6968,-0.7112,0,-0.9919,0.127,-0.0061,0,0,0.1791,0,1],"parentBoneIndex":8,"length":0.5082
,"animation":{"dataType":3,"framePerSecond":24,"keys":[
{"frame":1,"values":[0.1158,0.9494,0.2919,0,0.0438,0.2887,-0.9564,0,-0.9923,0.1235,-0.0082,0,0,0.1791,0,1]},
{"frame":2,"values":[0.1158,0.9494,0.2919,0,0.0626,0.2863,-0.9561,0,-0.9913,0.129,-0.0263,0,0,0.1791,0,1]},
{"frame":3,"values":[0.1158,0.9494,0.2919,0,0.1172,0.2788,-0.9532,0,-0.9863,0.1446,-0.079,0,0,0.1791,0,1]},
{"frame":4,"values":[0.1158,0.9494,0.2919,0,0.1952,0.2664,-0.9439,0,-0.9739,0.1663,-0.1545,0,0,0.1791,0,1]},
{"frame":5,"values":[0.1158,0.9494,0.2919,0,0.272,0.2523,-0.9286,0,-0.9553,0.1869,-0.2291,0,0,0.1791,0,1]},
{"frame":6,"values":[0.1158,0.9494,0.2919,0,0.3244,0.2416,-0.9146,0,-0.9388,0.2006,-0.28,0,0,0.1791,0,1]},
{"frame":7,"values":[0.1158,0.9494,0.2919,0,0.3421,0.2378,-0.9091,0,-0.9325,0.2051,-0.2972,0,0,0.1791,0,1]},
{"frame":8,"values":[0.1181,0.949,0.2922,0,0.3182,0.2426,-0.9164,0,-0.9406,0.2012,-0.2734,0,0,0.1791,0,1]},
{"frame":9,"values":[0.1251,0.9479,0.2928,0,0.2461,0.2563,-0.9347,0,-0.9611,0.189,-0.2013,0,0,0.1791,0,1]},
{"frame":10,"values":[0.1358,0.9465,0.2928,0,0.1328,0.2754,-0.9521,0,-0.9818,0.1682,-0.0883,0,0,0.1791,0,1]},
{"frame":11,"values":[0.148,0.9452,0.2911,0,0.0017,0.2941,-0.9558,0,-0.989,0.1419,0.0419,0,0,0.1791,0,1]},
{"frame":12,"values":[0.1584,0.9443,0.2884,0,-0.1134,0.3076,-0.9447,0,-0.9808,0.117,0.1558,0,0,0.1791,0,1]},
{"frame":13,"values":[0.165,0.9439,0.286,0,-0.1874,0.3147,-0.9305,0,-0.9683,0.1,0.2288,0,0,0.1791,0,1]},
{"frame":14,"values":[0.1672,0.9438,0.2851,0,-0.2119,0.3168,-0.9245,0,-0.9629,0.0942,0.2529,0,0,0.1791,0,1]},
{"frame":15,"values":[0.1642,0.9441,0.2858,0,-0.1969,0.3153,-0.9283,0,-0.9666,0.0961,0.2377,0,0,0.1791,0,1]},
{"frame":16,"values":[0.1558,0.9449,0.2878,0,-0.1552,0.3111,-0.9376,0,-0.9755,0.1014,0.1951,0,0,0.1791,0,1]},
{"frame":17,"values":[0.1436,0.9462,0.2899,0,-0.0946,0.3047,-0.9477,0,-0.9851,0.1087,0.1333,0,0,0.1791,0,1]},
{"frame":18,"values":[0.1304,0.9477,0.2913,0,-0.029,0.2974,-0.9543,0,-0.991,0.116,0.0662,0,0,0.1791,0,1]},
{"frame":19,"values":[0.1199,0.9489,0.2919,0,0.0232,0.2912,-0.9564,0,-0.9925,0.1215,0.0129,0,0,0.1791,0,1]},
{"frame":20,"values":[0.1158,0.9494,0.2919,0,0.0438,0.2887,-0.9564,0,-0.9923,0.1235,-0.0082,0,0,0.1791,0,1]},
{"frame":40,"values":[0.1158,0.9494,0.2919,0,0.0438,0.2887,-0.9564,0,-0.9923,0.1235,-0.0082,0,0,0.1791,0,1]}],"loopBehavior":1,"name":"anim","property":"_matrix"}},
{"name":"Bone.011","index":10,"matrix":[0.9996,0.0273,-0.0047,0,-0.0275,0.9965,-0.0784,0,0.0025,0.0785,0.9969,0,0,0.5082,0,1],"rest":[0.9996,0.0273,-0.0047,0,-0.0275,0.9965,-0.0784,0,0.0025,0.0785,0.9969,0,0,0.5082,0,1],"parentBoneIndex":9,"length":0.4991
,"animation":{"dataType":3,"framePerSecond":24,"keys":[
{"frame":1,"values":[0.9996,0.0273,-0.0047,0,-0.0275,0.9965,-0.0784,0,0.0025,0.0785,0.9969,0,0,0.5082,0,1]},
{"frame":40,"values":[0.9996,0.0273,-0.0047,0,-0.0275,0.9965,-0.0784,0,0.0025,0.0785,0.9969,0,0,0.5082,0,1]}],"loopBehavior":1,"name":"anim","property":"_matrix"}},
{"name":"Bone.008","index":11,"matrix":[1,0,0,0,0,0.8459,0.5334,0,0,-0.5334,0.8459,0,0,0.2248,0,1],"rest":[1,0,0,0,0,0.8459,0.5334,0,0,-0.5334,0.8459,0,0,0.2248,0,1],"parentBoneIndex":3,"length":0.1015
,"animation":{"dataType":3,"framePerSecond":24,"keys":[
{"frame":1,"values":[1,0,0,0,0,0.8459,0.5334,0,0,-0.5334,0.8459,0,0,0.2248,0,1]},
{"frame":40,"values":[1,0,0,0,0,0.8459,0.5334,0,0,-0.5334,0.8459,0,0,0.2248,0,1]}],"loopBehavior":1,"name":"anim","property":"_matrix"}},
{"name":"Bone.009","index":12,"matrix":[1,0,0,0,0,0.9939,-0.1099,0,0,0.1099,0.9939,0,0,0.1015,0,1],"rest":[1,0,0,0,0,0.9939,-0.1099,0,0,0.1099,0.9939,0,0,0.1015,0,1],"parentBoneIndex":11,"length":0.1651
,"animation":{"dataType":3,"framePerSecond":24,"keys":[
{"frame":1,"values":[1,0,0,0,0,0.9939,-0.1099,0,0,0.1099,0.9939,0,0,0.1015,0,1]},
{"frame":40,"values":[1,0,0,0,0,0.9939,-0.1099,0,0,0.1099,0.9939,0,0,0.1015,0,1]}],"loopBehavior":1,"name":"anim","property":"_matrix"}},
{"name":"Bone.012","index":13,"matrix":[0,0,1,0,-0.6242,-0.7813,0,0,-0.7813,0.6242,0,0,0,0,0.0668,1],"rest":[0,0,1,0,-0.6242,-0.7813,0,0,-0.7813,0.6242,0,0,0,0,0.0668,1],"parentBoneIndex":-1,"length":0.1341
,"animation":{"dataType":3,"framePerSecond":24,"keys":[
{"frame":1,"values":[0,0,1,0,-0.6242,-0.7813,0,0,-0.7813,0.6242,0,0,0,0,0.0668,1]},
{"frame":40,"values":[0,0,1,0,-0.6242,-0.7813,0,0,-0.7813,0.6242,0,0,0,0,0.0668,1]}],"loopBehavior":1,"name":"anim","property":"_matrix"}},
{"name":"Bone.014","index":14,"matrix":[0,-0.5625,-0.8268,0,-0.0207,0.8266,-0.5624,0,0.9998,0.0172,-0.0117,0,0,0.1341,0,1],"rest":[0,-0.5141,-0.8577,0,-0.0207,0.8575,-0.514,0,0.9998,0.0178,-0.0107,0,0,0.1341,0,1],"parentBoneIndex":13,"length":0.6072
,"animation":{"dataType":3,"framePerSecond":24,"keys":[
{"frame":1,"values":[0,-0.5625,-0.8268,0,-0.0207,0.8266,-0.5624,0,0.9998,0.0172,-0.0117,0,0,0.1341,0,1]},
{"frame":2,"values":[-0.0014,-0.5625,-0.8268,0,-0.0394,0.8262,-0.562,0,0.9992,0.0318,-0.0233,0,0,0.1341,0,1]},
{"frame":3,"values":[-0.0056,-0.5627,-0.8267,0,-0.0937,0.8233,-0.5598,0,0.9956,0.0743,-0.0573,0,0,0.1341,0,1]},
{"frame":4,"values":[-0.0116,-0.5632,-0.8262,0,-0.1713,0.8152,-0.5533,0,0.9851,0.1352,-0.106,0,0,0.1341,0,1]},
{"frame":5,"values":[-0.0175,-0.5641,-0.8255,0,-0.248,0.8023,-0.543,0,0.9686,0.1952,-0.1539,0,0,0.1341,0,1]},
{"frame":6,"values":[-0.0215,-0.5649,-0.8249,0,-0.3003,0.7906,-0.5336,0,0.9536,0.2362,-0.1867,0,0,0.1341,0,1]},
{"frame":7,"values":[-0.0229,-0.5652,-0.8246,0,-0.318,0.7861,-0.53,0,0.9478,0.2501,-0.1978,0,0,0.1341,0,1]},
{"frame":8,"values":[-0.0219,-0.565,-0.8248,0,-0.305,0.7894,-0.5327,0,0.9521,0.2399,-0.1896,0,0,0.1341,0,1]},
{"frame":9,"values":[-0.0189,-0.5644,-0.8253,0,-0.2661,0.7985,-0.5399,0,0.9638,0.2094,-0.1653,0,0,0.1341,0,1]},
{"frame":10,"values":[-0.0143,-0.5635,-0.826,0,-0.2059,0.81,-0.5491,0,0.9785,0.1622,-0.1276,0,0,0.1341,0,1]},
{"frame":11,"values":[-0.0089,-0.5629,-0.8265,0,-0.1366,0.8194,-0.5567,0,0.9906,0.1079,-0.0842,0,0,0.1341,0,1]},
{"frame":12,"values":[-0.0042,-0.5626,-0.8267,0,-0.075,0.8246,-0.5608,0,0.9972,0.0596,-0.0456,0,0,0.1341,0,1]},
{"frame":13,"values":[-0.0011,-0.5625,-0.8268,0,-0.0344,0.8263,-0.5621,0,0.9994,0.0279,-0.0202,0,0,0.1341,0,1]},
{"frame":14,"values":[0,-0.5625,-0.8268,0,-0.0207,0.8266,-0.5624,0,0.9998,0.0172,-0.0117,0,0,0.1341,0,1]},
{"frame":40,"values":[0,-0.5625,-0.8268,0,-0.0207,0.8266,-0.5624,0,0.9998,0.0172,-0.0117,0,0,0.1341,0,1]}],"loopBehavior":1,"name":"anim","property":"_matrix"}},
{"name":"Bone.016","index":15,"matrix":[0.9999,-0.0116,-0.0008,0,0.0116,0.9976,0.0679,0,0,-0.0679,0.9977,0,0,0.6072,0,1],"rest":[0.9999,-0.0116,-0.0008,0,0.0116,0.9976,0.0679,0,0,-0.0679,0.9977,0,0,0.6072,0,1],"parentBoneIndex":14,"length":0.6068
,"animation":{"dataType":3,"framePerSecond":24,"keys":[
{"frame":1,"values":[0.9999,-0.0116,-0.0008,0,0.0116,0.9976,0.0679,0,0,-0.0679,0.9977,0,0,0.6072,0,1]},
{"frame":40,"values":[0.9999,-0.0116,-0.0008,0,0.0116,0.9976,0.0679,0,0,-0.0679,0.9977,0,0,0.6072,0,1]}],"loopBehavior":1,"name":"anim","property":"_matrix"}},
{"name":"Bone.018","index":16,"matrix":[0.9995,0.0307,-0.0009,0,-0.0291,0.954,0.2983,0,0.01,-0.2982,0.9545,0,0,0.6068,0,1],"rest":[0.9995,0.0307,-0.0009,0,-0.0291,0.954,0.2983,0,0.01,-0.2982,0.9545,0,0,0.6068,0,1],"parentBoneIndex":15,"length":0.0878
,"animation":{"dataType":3,"framePerSecond":24,"keys":[
{"frame":1,"values":[0.9995,0.0307,-0.0009,0,-0.0291,0.954,0.2983,0,0.01,-0.2982,0.9545,0,0,0.6068,0,1]},
{"frame":40,"values":[0.9995,0.0307,-0.0009,0,-0.0291,0.954,0.2983,0,0.01,-0.2982,0.9545,0,0,0.6068,0,1]}],"loopBehavior":1,"name":"anim","property":"_matrix"}},
{"name":"Bone.020","index":17,"matrix":[-0.9964,0.0792,-0.0289,0,0.0028,-0.3116,-0.9502,0,-0.0843,-0.9469,0.3103,0,0,0.0878,0,1],"rest":[-0.9883,0.1434,-0.0523,0,0.0051,-0.3119,-0.9501,0,-0.1525,-0.9392,0.3075,0,0,0.0878,0,1],"parentBoneIndex":16,"length":0.2259
,"animation":{"dataType":3,"framePerSecond":24,"keys":[
{"frame":1,"values":[-0.9964,0.0792,-0.0289,0,0.0028,-0.3116,-0.9502,0,-0.0843,-0.9469,0.3103,0,0,0.0878,0,1]},
{"frame":2,"values":[-0.9964,0.0791,-0.0292,0,0.0054,-0.2859,-0.9583,0,-0.0842,-0.955,0.2844,0,0,0.0878,0,1]},
{"frame":3,"values":[-0.9964,0.0789,-0.0301,0,0.0129,-0.2095,-0.9777,0,-0.0834,-0.9746,0.2077,0,0,0.0878,0,1]},
{"frame":4,"values":[-0.9964,0.0787,-0.0314,0,0.0237,-0.0969,-0.995,0,-0.0813,-0.9922,0.0947,0,0,0.0878,0,1]},
{"frame":5,"values":[-0.9964,0.0786,-0.0327,0,0.0341,0.0169,-0.9993,0,-0.0779,-0.9968,-0.0195,0,0,0.0878,0,1]},
{"frame":6,"values":[-0.9963,0.0786,-0.0336,0,0.041,0.0956,-0.9946,0,-0.0749,-0.9923,-0.0985,0,0,0.0878,0,1]},
{"frame":7,"values":[-0.9963,0.0786,-0.0339,0,0.0434,0.1225,-0.9915,0,-0.0738,-0.9894,-0.1254,0,0,0.0878,0,1]},
{"frame":8,"values":[-0.9963,0.0786,-0.0336,0,0.0417,0.1028,-0.9938,0,-0.0746,-0.9916,-0.1057,0,0,0.0878,0,1]},
{"frame":9,"values":[-0.9964,0.0786,-0.033,0,0.0365,0.0441,-0.9984,0,-0.077,-0.9959,-0.0468,0,0,0.0878,0,1]},
{"frame":10,"values":[-0.9964,0.0786,-0.0319,0,0.0284,-0.0459,-0.9985,0,-0.0799,-0.9959,0.0435,0,0,0.0878,0,1]},
{"frame":11,"values":[-0.9964,0.0787,-0.0308,0,0.0189,-0.1477,-0.9888,0,-0.0824,-0.9859,0.1457,0,0,0.0878,0,1]},
{"frame":12,"values":[-0.9964,0.079,-0.0298,0,0.0103,-0.236,-0.9717,0,-0.0838,-0.9685,0.2344,0,0,0.0878,0,1]},
{"frame":13,"values":[-0.9964,0.0792,-0.0291,0,0.0047,-0.2927,-0.9562,0,-0.0842,-0.9529,0.2913,0,0,0.0878,0,1]},
{"frame":14,"values":[-0.9964,0.0792,-0.0289,0,0.0028,-0.3116,-0.9502,0,-0.0843,-0.9469,0.3103,0,0,0.0878,0,1]},
{"frame":40,"values":[-0.9964,0.0792,-0.0289,0,0.0028,-0.3116,-0.9502,0,-0.0843,-0.9469,0.3103,0,0,0.0878,0,1]}],"loopBehavior":1,"name":"anim","property":"_matrix"}},
{"name":"Bone.013","index":18,"matrix":[0,0,-1,0,0.6433,-0.7656,0,0,0.7656,0.6433,0,0,0,0,0.0668,1],"rest":[0,0,-1,0,0.6433,-0.7656,0,0,0.7656,0.6433,0,0,0,0,0.0668,1],"parentBoneIndex":-1,"length":0.1369
,"animation":{"dataType":3,"framePerSecond":24,"keys":[
{"frame":1,"values":[0,0,-1,0,0.6433,-0.7656,0,0,0.7656,0.6433,0,0,0,0,0.0668,1]},
{"frame":40,"values":[0,0,-1,0,0.6433,-0.7656,0,0,0.7656,0.6433,0,0,0,0,0.0668,1]}],"loopBehavior":1,"name":"anim","property":"_matrix"}},
{"name":"Bone.015","index":19,"matrix":[0,0.5852,0.8109,0,0.0207,0.8107,-0.585,0,-0.9998,0.0168,-0.0121,0,0,0.1369,0,1],"rest":[0,0.5352,0.8447,0,0.0207,0.8445,-0.5351,0,-0.9998,0.0175,-0.0111,0,0,0.1369,0,1],"parentBoneIndex":18,"length":0.6072
,"animation":{"dataType":3,"framePerSecond":24,"keys":[
{"frame":1,"values":[0,0.5852,0.8109,0,0.0207,0.8107,-0.585,0,-0.9998,0.0168,-0.0121,0,0,0.1369,0,1]},
{"frame":8,"values":[-0.001,0.5852,0.8109,0,0.0344,0.8105,-0.5848,0,-0.9994,0.0273,-0.021,0,0,0.1369,0,1]},
{"frame":9,"values":[-0.004,0.5852,0.8108,0,0.0749,0.8087,-0.5834,0,-0.9972,0.0584,-0.0471,0,0,0.1369,0,1]},
{"frame":10,"values":[-0.0086,0.5855,0.8106,0,0.1365,0.8037,-0.5791,0,-0.9906,0.1057,-0.0868,0,0,0.1369,0,1]},
{"frame":11,"values":[-0.0137,0.5861,0.8101,0,0.2057,0.7945,-0.5714,0,-0.9785,0.1588,-0.1315,0,0,0.1369,0,1]},
{"frame":12,"values":[-0.0182,0.5869,0.8095,0,0.2659,0.7833,-0.562,0,-0.9638,0.205,-0.1703,0,0,0.1369,0,1]},
{"frame":13,"values":[-0.0211,0.5875,0.8089,0,0.3048,0.7744,-0.5545,0,-0.9522,0.2349,-0.1954,0,0,0.1369,0,1]},
{"frame":14,"values":[-0.022,0.5877,0.8087,0,0.3178,0.7711,-0.5517,0,-0.9479,0.2448,-0.2037,0,0,0.1369,0,1]},
{"frame":15,"values":[-0.0208,0.5875,0.809,0,0.3008,0.7753,-0.5553,0,-0.9535,0.2318,-0.1928,0,0,0.1369,0,1]},
{"frame":16,"values":[-0.0172,0.5867,0.8096,0,0.2528,0.786,-0.5642,0,-0.9674,0.195,-0.1619,0,0,0.1369,0,1]},
{"frame":17,"values":[-0.012,0.5859,0.8103,0,0.1825,0.798,-0.5743,0,-0.9831,0.141,-0.1165,0,0,0.1369,0,1]},
{"frame":18,"values":[-0.0063,0.5854,0.8107,0,0.1059,0.8066,-0.5815,0,-0.9944,0.0822,-0.0671,0,0,0.1369,0,1]},
{"frame":19,"values":[-0.0018,0.5852,0.8109,0,0.0449,0.8101,-0.5845,0,-0.999,0.0354,-0.0277,0,0,0.1369,0,1]},
{"frame":20,"values":[0,0.5852,0.8109,0,0.0207,0.8107,-0.585,0,-0.9998,0.0168,-0.0121,0,0,0.1369,0,1]},
{"frame":40,"values":[0,0.5852,0.8109,0,0.0207,0.8107,-0.585,0,-0.9998,0.0168,-0.0121,0,0,0.1369,0,1]}],"loopBehavior":1,"name":"anim","property":"_matrix"}},
{"name":"Bone.017","index":20,"matrix":[0.9999,0.0116,0.0008,0,-0.0116,0.9976,0.0679,0,0,-0.0679,0.9977,0,0,0.6072,0,1],"rest":[0.9999,0.0116,0.0008,0,-0.0116,0.9976,0.0679,0,0,-0.0679,0.9977,0,0,0.6072,0,1],"parentBoneIndex":19,"length":0.6068
,"animation":{"dataType":3,"framePerSecond":24,"keys":[
{"frame":1,"values":[0.9999,0.0116,0.0008,0,-0.0116,0.9976,0.0679,0,0,-0.0679,0.9977,0,0,0.6072,0,1]},
{"frame":8,"values":[0.9999,0.0116,0.0007,0,-0.0116,0.9975,0.0694,0,0.0001,-0.0695,0.9976,0,0,0.6072,0,1]},
{"frame":9,"values":[0.9999,0.0116,0.0004,0,-0.0116,0.9972,0.0742,0,0.0005,-0.0742,0.9972,0,0,0.6072,0,1]},
{"frame":10,"values":[0.9999,0.0116,-0.0001,0,-0.0116,0.9966,0.0814,0,0.001,-0.0814,0.9967,0,0,0.6072,0,1]},
{"frame":11,"values":[0.9999,0.0116,-0.0006,0,-0.0115,0.9959,0.0895,0,0.0016,-0.0895,0.996,0,0,0.6072,0,1]},
{"frame":12,"values":[0.9999,0.0117,-0.001,0,-0.0115,0.9952,0.0967,0,0.0021,-0.0967,0.9953,0,0,0.6072,0,1]},
{"frame":13,"values":[0.9999,0.0117,-0.0013,0,-0.0115,0.9948,0.1014,0,0.0025,-0.1014,0.9948,0,0,0.6072,0,1]},
{"frame":14,"values":[0.9999,0.0117,-0.0014,0,-0.0115,0.9946,0.103,0,0.0026,-0.103,0.9947,0,0,0.6072,0,1]},
{"frame":15,"values":[0.9999,0.0117,-0.0013,0,-0.0115,0.9948,0.101,0,0.0024,-0.1009,0.9949,0,0,0.6072,0,1]},
{"frame":16,"values":[0.9999,0.0117,-0.0009,0,-0.0115,0.9954,0.0952,0,0.002,-0.0951,0.9955,0,0,0.6072,0,1]},
{"frame":17,"values":[0.9999,0.0116,-0.0004,0,-0.0116,0.9962,0.0868,0,0.0014,-0.0868,0.9962,0,0,0.6072,0,1]},
{"frame":18,"values":[0.9999,0.0116,0.0002,0,-0.0116,0.9969,0.0778,0,0.0007,-0.0778,0.997,0,0,0.6072,0,1]},
{"frame":19,"values":[0.9999,0.0116,0.0006,0,-0.0116,0.9974,0.0707,0,0.0002,-0.0707,0.9975,0,0,0.6072,0,1]},
{"frame":20,"values":[0.9999,0.0116,0.0008,0,-0.0116,0.9976,0.0679,0,0,-0.0679,0.9977,0,0,0.6072,0,1]},
{"frame":40,"values":[0.9999,0.0116,0.0008,0,-0.0116,0.9976,0.0679,0,0,-0.0679,0.9977,0,0,0.6072,0,1]}],"loopBehavior":1,"name":"anim","property":"_matrix"}},
{"name":"Bone.019","index":21,"matrix":[0.9995,-0.0307,0.0009,0,0.0291,0.954,0.2983,0,-0.01,-0.2982,0.9545,0,0,0.6068,0,1],"rest":[0.9995,-0.0307,0.0009,0,0.0291,0.954,0.2983,0,-0.01,-0.2982,0.9545,0,0,0.6068,0,1],"parentBoneIndex":20,"length":0.0878
,"animation":{"dataType":3,"framePerSecond":24,"keys":[
{"frame":1,"values":[0.9995,-0.0307,0.0009,0,0.0291,0.954,0.2983,0,-0.01,-0.2982,0.9545,0,0,0.6068,0,1]},
{"frame":40,"values":[0.9995,-0.0307,0.0009,0,0.0291,0.954,0.2983,0,-0.01,-0.2982,0.9545,0,0,0.6068,0,1]}],"loopBehavior":1,"name":"anim","property":"_matrix"}},
{"name":"Bone.021","index":22,"matrix":[-0.9957,-0.0875,0.032,0,-0.0031,-0.3116,-0.9502,0,0.0931,-0.9462,0.31,0,0,0.0878,0,1],"rest":[-0.9883,-0.1434,0.0524,0,-0.0051,-0.3119,-0.9501,0,0.1525,-0.9392,0.3075,0,0,0.0878,0,1],"parentBoneIndex":21,"length":0.2259
,"animation":{"dataType":3,"framePerSecond":24,"keys":[
{"frame":1,"values":[-0.9957,-0.0875,0.032,0,-0.0031,-0.3116,-0.9502,0,0.0931,-0.9462,0.31,0,0,0.0878,0,1]},
{"frame":8,"values":[-0.9957,-0.0875,0.0319,0,-0.0048,-0.2938,-0.9559,0,0.093,-0.9519,0.2921,0,0,0.0878,0,1]},
{"frame":9,"values":[-0.9957,-0.0875,0.0319,0,-0.01,-0.2403,-0.9707,0,0.0926,-0.9667,0.2384,0,0,0.0878,0,1]},
{"frame":10,"values":[-0.9957,-0.0875,0.0319,0,-0.0178,-0.157,-0.9874,0,0.0914,-0.9837,0.1548,0,0,0.0878,0,1]},
{"frame":11,"values":[-0.9957,-0.0875,0.0319,0,-0.0266,-0.061,-0.9978,0,0.0893,-0.9943,0.0584,0,0,0.0878,0,1]},
{"frame":12,"values":[-0.9957,-0.0875,0.0318,0,-0.034,0.024,-0.9991,0,0.0867,-0.9959,-0.0269,0,0,0.0878,0,1]},
{"frame":13,"values":[-0.9957,-0.0875,0.0318,0,-0.0388,0.0795,-0.9961,0,0.0847,-0.993,-0.0825,0,0,0.0878,0,1]},
{"frame":14,"values":[-0.9957,-0.0875,0.0318,0,-0.0404,0.0981,-0.9944,0,0.0839,-0.9913,-0.1012,0,0,0.0878,0,1]},
{"frame":15,"values":[-0.9957,-0.0875,0.0318,0,-0.0383,0.0738,-0.9965,0,0.0849,-0.9934,-0.0768,0,0,0.0878,0,1]},
{"frame":16,"values":[-0.9957,-0.0875,0.0318,0,-0.0324,0.0054,-0.9995,0,0.0873,-0.9961,-0.0082,0,0,0.0878,0,1]},
{"frame":17,"values":[-0.9957,-0.0875,0.0319,0,-0.0236,-0.0934,-0.9953,0,0.0901,-0.9918,0.091,0,0,0.0878,0,1]},
{"frame":18,"values":[-0.9957,-0.0875,0.0319,0,-0.0139,-0.1986,-0.98,0,0.0921,-0.9762,0.1965,0,0,0.0878,0,1]},
{"frame":19,"values":[-0.9957,-0.0875,0.0319,0,-0.0062,-0.2801,-0.96,0,0.093,-0.956,0.2783,0,0,0.0878,0,1]},
{"frame":20,"values":[-0.9957,-0.0875,0.032,0,-0.0031,-0.3116,-0.9502,0,0.0931,-0.9462,0.31,0,0,0.0878,0,1]},
{"frame":40,"values":[-0.9957,-0.0875,0.032,0,-0.0031,-0.3116,-0.9502,0,0.0931,-0.9462,0.31,0,0,0.0878,0,1]}],"loopBehavior":1,"name":"anim","property":"_matrix"}}]
,"ranges":[{"name":"ArmatureAction","from":0,"to":40}]}],
"meshes":[{"name":"Cube_Cube.000","id":"Cube_Cube.000","materialId":"untitled.main.003","billboardMode":0,"position":[0,0,0],"rotation":[0,0,0],"scaling":[1,1,1],"isVisible":true,"freezeWorldMatrix":false,"isEnabled":true,"checkCollisions":false,"receiveShadows":false,"skeletonId":0,"numBoneInfluencers":6
