{"producer":{"name":"Blender","version":"2.78 (sub 0)","exporter_version":"5.3-beta","file":"wolf.babylon"},
"autoClear":true,"clearColor":[0.0509,0.0509,0.0509],"ambientColor":[0,0,0],"gravity":[0,-9.81,0],
"materials":[{"name":"wolf.Wolf_Body","id":"wolf.Wolf_Body","ambient":[0.8,0.8,0.8],"diffuse":[0.4724,0.4724,0.4724],"specular":[0,0,0],"emissive":[0,0,0],"specularPower":50,"alpha":1,"backFaceCulling":true,"checkReadyOnlyOnce":false,"maxSimultaneousLights":4},
{"name":"wolf.Wolf_Eyes","id":"wolf.Wolf_Eyes","ambient":[0.8,0.8,0.8],"diffuse":[0.8,0.8,0.8],"specular":[0,0,0],"emissive":[0,0,0],"specularPower":1,"alpha":1,"backFaceCulling":true,"checkReadyOnlyOnce":false,"maxSimultaneousLights":4},
{"name":"wolf.Wolf_Claws","id":"wolf.Wolf_Claws","ambient":[0.8368,0.797,0.6847],"diffuse":[0.1674,0.1594,0.1369],"specular":[0,0,0],"emissive":[0,0,0],"specularPower":1,"alpha":1,"backFaceCulling":false,"checkReadyOnlyOnce":false,"maxSimultaneousLights":4},
{"name":"wolf.Wolf_Teeth","id":"wolf.Wolf_Teeth","ambient":[0.8368,0.797,0.6847],"diffuse":[0.1674,0.1594,0.1369],"specular":[0,0,0],"emissive":[0,0,0],"specularPower":1,"alpha":1,"backFaceCulling":true,"checkReadyOnlyOnce":false,"maxSimultaneousLights":4},
{"name":"wolf.Wolf_Fur","id":"wolf.Wolf_Fur","ambient":[1,0.8698,0.7722],"diffuse":[0.0261,0.0227,0.0202],"specular":[0,0,0],"emissive":[0,0,0],"specularPower":1,"alpha":0,"backFaceCulling":true,"checkReadyOnlyOnce":false,"maxSimultaneousLights":4}],
"multiMaterials":[{"name":"wolf.Multimaterial#0","id":"wolf.Multimaterial#0","materials":["wolf.Wolf_Body","wolf.Wolf_Eyes","wolf.Wolf_Claws","wolf.Wolf_Teeth","wolf.Wolf_Fur"]}],
"skeletons":[{"name":"Wolf_Skeleton","id":0,"dimensionsAtRest":[0.1574,0.5774,1.0009],"bones":[
{"name":"root","index":0,"matrix":[1,0,0,0,0,1,0,0,0,0,-1,0,0,0,0,1],"rest":[1,0,0,0,0,1,0,0,0,0,-1,0,0,0,0,1],"parentBoneIndex":-1,"length":0.0965
,"animation":{"dataType":3,"framePerSecond":30,"keys":[
{"frame":0,"values":[1,0,0,0,0,1,0,0,0,0,-1,0,0,0,0,1]},
{"frame":1,"values":[1,0,0,0,0,1,0,0,0,0,-1,0,0,0,0,1]},
{"frame":10,"values":[1,0,0,0,0,1,0,0,0,0,-1,0,0,0,0,1]},
{"frame":50,"values":[1,0,0,0,0,1,0,0,0,0,-1,0,0,0,0,1]},
{"frame":60,"values":[1,0,0,0,0,1,0,0,0,0,-1,0,0,0,0,1]},
{"frame":1050,"values":[1,0,0,0,0,1,0,0,0,0,-1,0,0,0,0,1]},
{"frame":1060,"values":[1,0,0,0,0,1,0,0,0,0,-1,0,0,0,0,1]},
{"frame":1078,"values":[1,0,0,0,0,1,0,0,0,0,-1,0,0,0,0,1]},
{"frame":1090,"values":[1,0,0,0,0,1,0,0,0,0,-1,0,0,0,0,1]},
{"frame":1100,"values":[1,0,0,0,0,1,0,0,0,0,-1,0,0,0,0,1]},
{"frame":1110,"values":[1,0,0,0,0,1,0,0,0,0,-1,0,0,0,0,1]},
{"frame":1150,"values":[1,0,0,0,0,1,0,0,0,0,-1,0,0,0,0,1]}],"loopBehavior":1,"name":"anim","property":"_matrix"}},
{"name":"Becken","index":1,"matrix":[0.9994,-0.0344,0.006,0,-0.0124,-0.1877,0.9822,0,-0.0326,-0.9816,-0.188,0,0,0.3934,-0.2116,1],"rest":[1,0,0,0,0,-0.1879,0.9822,0,0,-0.9822,-0.1879,0,0,0.4057,-0.2116,1],"parentBoneIndex":0,"length":0.05
,"animation":{"dataType":3,"framePerSecond":30,"keys":[
{"frame":0,"values":[1,0,0,0,0,-0.1879,0.9822,0,0,-0.9822,-0.1879,0,0,0.4057,-0.2116,1]},
{"frame":1,"values":[1,0,0,0,0,-0.1879,0.9822,0,0,-0.9822,-0.1879,0,0,0.4057,-0.2116,1]},
{"frame":10,"values":[0.9994,-0.0348,0.003,0,-0.0124,-0.272,0.9622,0,-0.0326,-0.9617,-0.2723,0,0,0.3151,-0.195,1]},
{"frame":12,"values":[0.9994,-0.0348,0.003,0,-0.0124,-0.272,0.9622,0,-0.0326,-0.9617,-0.2723,0,0,0.3154,-0.1948,1]},
{"frame":13,"values":[0.9994,-0.0348,0.003,0,-0.0124,-0.272,0.9622,0,-0.0326,-0.9617,-0.2723,0,0,0.3164,-0.1942,1]},
{"frame":14,"values":[0.9994,-0.0348,0.003,0,-0.0124,-0.272,0.9622,0,-0.0326,-0.9617,-0.2723,0,0,0.3179,-0.1933,1]},
{"frame":15,"values":[0.9994,-0.0348,0.003,0,-0.0124,-0.272,0.9622,0,-0.0326,-0.9617,-0.2723,0,0,0.3199,-0.1921,1]},
{"frame":16,"values":[0.9994,-0.0348,0.003,0,-0.0124,-0.272,0.9622,0,-0.0326,-0.9617,-0.2723,0,0,0.3222,-0.1908,1]},
{"frame":17,"values":[0.9994,-0.0348,0.003,0,-0.0124,-0.272,0.9622,0,-0.0326,-0.9617,-0.2723,0,0,0.3245,-0.1895,1]},
{"frame":18,"values":[0.9994,-0.0348,0.003,0,-0.0124,-0.272,0.9622,0,-0.0326,-0.9617,-0.2723,0,0,0.3265,-0.1883,1]},
{"frame":19,"values":[0.9994,-0.0348,0.003,0,-0.0124,-0.272,0.9622,0,-0.0326,-0.9617,-0.2723,0,0,0.3281,-0.1874,1]},
{"frame":20,"values":[0.9994,-0.0348,0.003,0,-0.0124,-0.272,0.9622,0,-0.0326,-0.9617,-0.2723,0,0,0.329,-0.1868,1]},
{"frame":21,"values":[0.9994,-0.0348,0.003,0,-0.0124,-0.272,0.9622,0,-0.0326,-0.9617,-0.2723,0,0,0.3293,-0.1867,1]},
{"frame":22,"values":[0.9994,-0.0348,0.003,0,-0.0124,-0.272,0.9622,0,-0.0326,-0.9617,-0.2723,0,0,0.329,-0.1868,1]},
{"frame":23,"values":[0.9994,-0.0348,0.003,0,-0.0124,-0.272,0.9622,0,-0.0326,-0.9617,-0.2723,0,0,0.3281,-0.1874,1]},
{"frame":24,"values":[0.9994,-0.0348,0.003,0,-0.0124,-0.272,0.9622,0,-0.0326,-0.9617,-0.2723,0,0,0.3265,-0.1883,1]},
{"frame":25,"values":[0.9994,-0.0348,0.003,0,-0.0124,-0.272,0.9622,0,-0.0326,-0.9617,-0.2723,0,0,0.3245,-0.1895,1]},
{"frame":26,"values":[0.9994,-0.0348,0.003,0,-0.0124,-0.272,0.9622,0,-0.0326,-0.9617,-0.2723,0,0,0.3222,-0.1908,1]},
{"frame":27,"values":[0.9994,-0.0348,0.003,0,-0.0124,-0.272,0.9622,0,-0.0326,-0.9617,-0.2723,0,0,0.3199,-0.1921,1]},
{"frame":28,"values":[0.9994,-0.0348,0.003,0,-0.0124,-0.272,0.9622,0,-0.0326,-0.9617,-0.2723,0,0,0.3179,-0.1933,1]},
{"frame":29,"values":[0.9994,-0.0348,0.003,0,-0.0124,-0.272,0.9622,0,-0.0326,-0.9617,-0.2723,0,0,0.3164,-0.1942,1]},
{"frame":30,"values":[0.9994,-0.0348,0.003,0,-0.0124,-0.272,0.9622,0,-0.0326,-0.9617,-0.2723,0,0,0.3154,-0.1948,1]},
{"frame":31,"values":[0.9994,-0.0348,0.003,0,-0.0124,-0.272,0.9622,0,-0.0326,-0.9617,-0.2723,0,0,0.3151,-0.195,1]},
{"frame":32,"values":[0.9994,-0.0348,0.003,0,-0.0124,-0.272,0.9622,0,-0.0326,-0.9617,-0.2723,0,0,0.3155,-0.1947,1]},
{"frame":33,"values":[0.9994,-0.0348,0.003,0,-0.0124,-0.272,0.9622,0,-0.0326,-0.9617,-0.2723,0,0,0.3167,-0.1941,1]},
{"frame":34,"values":[0.9994,-0.0348,0.003,0,-0.0124,-0.272,0.9622,0,-0.0326,-0.9617,-0.2723,0,0,0.3185,-0.193,1]},
{"frame":35,"values":[0.9994,-0.0348,0.003,0,-0.0124,-0.272,0.9622,0,-0.0326,-0.9617,-0.2723,0,0,0.3209,-0.1916,1]},
{"frame":36,"values":[0.9994,-0.0348,0.003,0,-0.0124,-0.272,0.9622,0,-0.0326,-0.9617,-0.2723,0,0,0.3235,-0.1901,1]},
{"frame":37,"values":[0.9994,-0.0348,0.003,0,-0.0124,-0.272,0.9622,0,-0.0326,-0.9617,-0.2723,0,0,0.3259,-0.1887,1]},
{"frame":38,"values":[0.9994,-0.0348,0.003,0,-0.0124,-0.272,0.9622,0,-0.0326,-0.9617,-0.2723,0,0,0.3278,-0.1876,1]},
{"frame":39,"values":[0.9994,-0.0348,0.003,0,-0.0124,-0.272,0.9622,0,-0.0326,-0.9617,-0.2723,0,0,0.3289,-0.1869,1]},
{"frame":40,"values":[0.9994,-0.0348,0.003,0,-0.0124,-0.272,0.9622,0,-0.0326,-0.9617,-0.2723,0,0,0.3293,-0.1867,1]},
{"frame":41,"values":[0.9994,-0.0348,0.003,0,-0.0124,-0.272,0.9622,0,-0.0326,-0.9617,-0.2723,0,0,0.329,-0.1868,1]},
{"frame":42,"values":[0.9994,-0.0348,0.003,0,-0.0124,-0.272,0.9622,0,-0.0326,-0.9617,-0.2723,0,0,0.3281,-0.1874,1]},
{"frame":43,"values":[0.9994,-0.0348,0.003,0,-0.0124,-0.272,0.9622,0,-0.0326,-0.9617,-0.2723,0,0,0.3265,-0.1883,1]},
{"frame":44,"values":[0.9994,-0.0348,0.003,0,-0.0124,-0.272,0.9622,0,-0.0326,-0.9617,-0.2723,0,0,0.3245,-0.1895,1]},
{"frame":45,"values":[0.9994,-0.0348,0.003,0,-0.0124,-0.272,0.9622,0,-0.0326,-0.9617,-0.2723,0,0,0.3222,-0.1908,1]},
{"frame":46,"values":[0.9994,-0.0348,0.003,0,-0.0124,-0.272,0.9622,0,-0.0326,-0.9617,-0.2723,0,0,0.3199,-0.1921,1]},
{"frame":47,"values":[0.9994,-0.0348,0.003,0,-0.0124,-0.272,0.9622,0,-0.0326,-0.9617,-0.2723,0,0,0.3179,-0.1933,1]},
{"frame":48,"values":[0.9994,-0.0348,0.003,0,-0.0124,-0.272,0.9622,0,-0.0326,-0.9617,-0.2723,0,0,0.3164,-0.1942,1]},
{"frame":49,"values":[0.9994,-0.0348,0.003,0,-0.0124,-0.272,0.9622,0,-0.0326,-0.9617,-0.2723,0,0,0.3154,-0.1948,1]},
{"frame":50,"values":[0.9994,-0.0348,0.003,0,-0.0124,-0.272,0.9622,0,-0.0326,-0.9617,-0.2723,0,0,0.3151,-0.195,1]},
{"frame":60,"values":[1,0,0,0,0,-0.1879,0.9822,0,0,-0.9822,-0.1879,0,0,0.4057,-0.2116,1]},
{"frame":1050,"values":[1,0,0,0,0,-0.1879,0.9822,0,0,-0.9822,-0.1879,0,0,0.4057,-0.2116,1]},
{"frame":1060,"values":[1,0,0,0,0,-0.578,0.816,0,0,-0.816,-0.578,0,0,0.5009,-0.1039,1]},
{"frame":1062,"values":[1,0,0,0,0,-0.5525,0.8335,0,0,-0.8335,-0.5525,0,0,0.4997,-0.107,1]},
{"frame":1063,"values":[1,0,0,0,0,-0.474,0.8805,0,0,-0.8805,-0.474,0,0,0.4963,-0.116,1]},
{"frame":1064,"values":[1,0,0,0,0,-0.3657,0.9307,0,0,-0.9307,-0.3657,0,0,0.4921,-0.1271,1]},
{"frame":1065,"values":[1,0,0,0,0,-0.2687,0.9632,0,0,-0.9632,-0.2687,0,0,0.4888,-0.1354,1]},
{"frame":1066,"values":[1,0,0,0,0,-0.1687,0.9857,0,0,-0.9857,-0.1687,0,0,0.4869,-0.1419,1]},
{"frame":1067,"values":[1,0,0,0,0,-0.0499,0.9988,0,0,-0.9988,-0.0499,0,0,0.4846,-0.1445,1]},
{"frame":1068,"values":[1,0,0,0,0,0.0411,0.9992,0,0,-0.9992,0.0411,0,0,0.4437,-0.1267,1]},
{"frame":1069,"values":[1,0,0,0,0,0.0718,0.9974,0,0,-0.9974,0.0718,0,0,0.4047,-0.1093,1]},
{"frame":1070,"values":[1,0,0,0,0,0.0411,0.9992,0,0,-0.9992,0.0411,0,0,0.4044,-0.1132,1]},
{"frame":1071,"values":[1,0,0,0,0,-0.05,0.9987,0,0,-0.9987,-0.05,0,0,0.4041,-0.1235,1]},
{"frame":1072,"values":[1,0,0,0,0,-0.1689,0.9856,0,0,-0.9856,-0.1689,0,0,0.4051,-0.134,1]},
{"frame":1073,"values":[1,0,0,0,0,-0.2689,0.9632,0,0,-0.9632,-0.2689,0,0,0.4083,-0.1385,1]},
{"frame":1074,"values":[1,0,0,0,0,-0.3658,0.9307,0,0,-0.9307,-0.3658,0,0,0.4136,-0.1247,1]},
{"frame":1075,"values":[1,0,0,0,0,-0.4741,0.8805,0,0,-0.8805,-0.4741,0,0,0.427,-0.105,1]},
{"frame":1076,"values":[1,0,0,0,0,-0.5524,0.8335,0,0,-0.8335,-0.5524,0,0,0.4692,-0.1016,1]},
{"frame":1077,"values":[1,0,0,0,0,-0.578,0.816,0,0,-0.816,-0.578,0,0,0.5009,-0.1039,1]},
{"frame":1078,"values":[1,0,0,0,0,-0.578,0.816,0,0,-0.816,-0.578,0,0,0.5009,-0.1039,1]},
{"frame":1090,"values":[1,0,0,0,0,-0.1879,0.9822,0,0,-0.9822,-0.1879,0,0,0.4057,-0.2116,1]},
{"frame":1092,"values":[1,0,0,0,0,-0.1394,0.9902,0,0,-0.9902,-0.1394,0,0,0.3852,-0.2143,1]},
{"frame":1093,"values":[1,0,0,0,0,-0.0355,0.9994,0,0,-0.9994,-0.0355,0,0,0.3421,-0.2201,1]},
{"frame":1094,"values":[1,0,0,0,0,0.0907,0.9959,0,0,-0.9959,0.0907,0,0,0.2907,-0.227,1]},
{"frame":1095,"values":[1,0,0,0,0,0.2196,0.9756,0,0,-0.9756,0.2196,0,0,0.2379,-0.2341,1]},
{"frame":1096,"values":[1,0,0,0,0,0.3378,0.9412,0,0,-0.9412,0.3378,0,0,0.1881,-0.2408,1]},
{"frame":1097,"values":[1,0,0,0,0,0.4364,0.8998,0,0,-0.8998,0.4364,0,0,0.1445,-0.2467,1]},
{"frame":1098,"values":[1,0,0,0,0,0.5102,0.86,0,0,-0.86,0.5102,0,0,0.11,-0.2513,1]},
{"frame":1099,"values":[1,0,0,0,0,0.5566,0.8308,0,0,-0.8308,0.5566,0,0,0.0871,-0.2544,1]},
{"frame":1100,"values":[1,0,0,0,0,0.5729,0.8196,0,0,-0.8196,0.5729,0,0,0.0789,-0.2555,1]},
{"frame":1110,"values":[0.9994,-0.0344,0.006,0,-0.0124,-0.1877,0.9822,0,-0.0326,-0.9816,-0.188,0,0,0.3934,-0.2116,1]},
{"frame":1112,"values":[0.9994,-0.034,0.0059,0,-0.0122,-0.1877,0.9822,0,-0.0323,-0.9816,-0.188,0,0,0.3937,-0.2116,1]},
{"frame":1113,"values":[0.9994,-0.0329,0.0057,0,-0.0118,-0.1877,0.9822,0,-0.0312,-0.9817,-0.188,0,0,0.3945,-0.2116,1]},
{"frame":1114,"values":[0.9995,-0.0309,0.0054,0,-0.0111,-0.1877,0.9822,0,-0.0294,-0.9817,-0.188,0,0,0.3958,-0.2116,1]},
{"frame":1115,"values":[0.9996,-0.0283,0.0049,0,-0.0102,-0.1878,0.9822,0,-0.0268,-0.9818,-0.188,0,0,0.3976,-0.2116,1]},
{"frame":1116,"values":[0.9997,-0.0249,0.0043,0,-0.0089,-0.1878,0.9822,0,-0.0236,-0.9819,-0.1879,0,0,0.3996,-0.2116,1]},
{"frame":1117,"values":[0.9998,-0.0208,0.0036,0,-0.0075,-0.1878,0.9822,0,-0.0198,-0.982,-0.1879,0,0,0.4015,-0.2116,1]},
{"frame":1118,"values":[0.9999,-0.0162,0.0028,0,-0.0058,-0.1878,0.9822,0,-0.0154,-0.9821,-0.1879,0,0,0.4033,-0.2116,1]},
{"frame":1119,"values":[0.9999,-0.0111,0.0019,0,-0.004,-0.1879,0.9822,0,-0.0105,-0.9821,-0.1879,0,0,0.4046,-0.2116,1]},
{"frame":1120,"values":[1,-0.0056,0.001,0,-0.002,-0.1879,0.9822,0,-0.0053,-0.9822,-0.1879,0,0,0.4054,-0.2116,1]},
{"frame":1121,"values":[1,0,0,0,0,-0.1879,0.9822,0,0,-0.9822,-0.1879,0,0,0.4057,-0.2116,1]},
{"frame":1122,"values":[1,0.0056,-0.001,0,0.002,-0.1879,0.9822,0,0.0053,-0.9822,-0.1879,0,0,0.4054,-0.2116,1]},
{"frame":1123,"values":[0.9999,0.0111,-0.0019,0,0.004,-0.1879,0.9822,0,0.0105,-0.9821,-0.1879,0,0,0.4046,-0.2116,1]},
{"frame":1124,"values":[0.9999,0.0162,-0.0028,0,0.0058,-0.1878,0.9822,0,0.0154,-0.9821,-0.1879,0,0,0.4033,-0.2116,1]},
{"frame":1125,"values":[0.9998,0.0208,-0.0036,0,0.0075,-0.1878,0.9822,0,0.0198,-0.982,-0.1879,0,0,0.4015,-0.2116,1]},
{"frame":1126,"values":[0.9997,0.0249,-0.0043,0,0.0089,-0.1878,0.9822,0,0.0236,-0.9819,-0.1879,0,0,0.3996,-0.2116,1]},
{"frame":1127,"values":[0.9996,0.0283,-0.0049,0,0.0102,-0.1878,0.9822,0,0.0268,-0.9818,-0.188,0,0,0.3976,-0.2116,1]},
{"frame":1128,"values":[0.9995,0.0309,-0.0054,0,0.0111,-0.1877,0.9822,0,0.0294,-0.9817,-0.188,0,0,0.3958,-0.2116,1]},
{"frame":1129,"values":[0.9994,0.0329,-0.0057,0,0.0118,-0.1877,0.9822,0,0.0312,-0.9817,-0.188,0,0,0.3945,-0.2116,1]},
{"frame":1130,"values":[0.9994,0.034,-0.0059,0,0.0122,-0.1877,0.9822,0,0.0323,-0.9816,-0.188,0,0,0.3937,-0.2116,1]},
{"frame":1131,"values":[0.9994,0.0344,-0.006,0,0.0124,-0.1877,0.9822,0,0.0326,-0.9816,-0.188,0,0,0.3934,-0.2116,1]},
{"frame":1132,"values":[0.9994,0.034,-0.0059,0,0.0122,-0.1877,0.9822,0,0.0322,-0.9816,-0.188,0,0,0.3937,-0.2116,1]},
{"frame":1133,"values":[0.9994,0.0327,-0.0057,0,0.0117,-0.1877,0.9822,0,0.031,-0.9817,-0.188,0,0,0.3947,-0.2116,1]},
{"frame":1134,"values":[0.9995,0.0306,-0.0053,0,0.011,-0.1877,0.9822,0,0.029,-0.9817,-0.188,0,0,0.3964,-0.2116,1]},
{"frame":1135,"values":[0.9996,0.0276,-0.0048,0,0.0099,-0.1878,0.9822,0,0.0262,-0.9818,-0.188,0,0,0.3984,-0.2116,1]},
{"frame":1136,"values":[0.9997,0.0239,-0.0042,0,0.0086,-0.1878,0.9822,0,0.0227,-0.9819,-0.1879,0,0,0.4007,-0.2116,1]},
{"frame":1137,"values":[0.9998,0.0194,-0.0034,0,0.007,-0.1878,0.9822,0,0.0184,-0.982,-0.1879,0,0,0.4027,-0.2116,1]},
{"frame":1138,"values":[0.9999,0.0143,-0.0025,0,0.0051,-0.1879,0.9822,0,0.0136,-0.9821,-0.1879,0,0,0.4044,-0.2116,1]},
{"frame":1139,"values":[1,0.0088,-0.0015,0,0.0032,-0.1879,0.9822,0,0.0084,-0.9822,-0.1879,0,0,0.4054,-0.2116,1]},
{"frame":1140,"values":[1,0.003,-0.0005,0,0.0011,-0.1879,0.9822,0,0.0028,-0.9822,-0.1879,0,0,0.4057,-0.2116,1]},
{"frame":1141,"values":[1,-0.003,0.0005,0,-0.0011,-0.1879,0.9822,0,-0.0028,-0.9822,-0.1879,0,0,0.4055,-0.2116,1]},
{"frame":1142,"values":[1,-0.0088,0.0015,0,-0.0032,-0.1879,0.9822,0,-0.0083,-0.9822,-0.1879,0,0,0.4048,-0.2116,1]},
{"frame":1143,"values":[0.9999,-0.0143,0.0025,0,-0.0051,-0.1879,0.9822,0,-0.0136,-0.9821,-0.1879,0,0,0.4037,-0.2116,1]},
{"frame":1144,"values":[0.9998,-0.0194,0.0034,0,-0.007,-0.1878,0.9822,0,-0.0184,-0.982,-0.1879,0,0,0.4024,-0.2116,1]},
{"frame":1145,"values":[0.9997,-0.0239,0.0042,0,-0.0086,-0.1878,0.9822,0,-0.0227,-0.9819,-0.1879,0,0,0.4008,-0.2116,1]},
{"frame":1146,"values":[0.9996,-0.0276,0.0048,0,-0.0099,-0.1878,0.9822,0,-0.0262,-0.9818,-0.188,0,0,0.3991,-0.2116,1]},
{"frame":1147,"values":[0.9995,-0.0306,0.0053,0,-0.011,-0.1877,0.9822,0,-0.029,-0.9817,-0.188,0,0,0.3973,-0.2116,1]},
{"frame":1148,"values":[0.9994,-0.0327,0.0057,0,-0.0117,-0.1877,0.9822,0,-0.031,-0.9817,-0.188,0,0,0.3956,-0.2116,1]},
{"frame":1149,"values":[0.9994,-0.034,0.0059,0,-0.0122,-0.1877,0.9822,0,-0.0322,-0.9816,-0.188,0,0,0.3941,-0.2116,1]},
{"frame":1150,"values":[0.9994,-0.0344,0.006,0,-0.0124,-0.1877,0.9822,0,-0.0326,-0.9816,-0.188,0,0,0.3934,-0.2116,1]}],"loopBehavior":1,"name":"anim","property":"_matrix"}},
{"name":"Bauch","index":2,"matrix":[1,0,0,0,0,0.9759,-0.2182,0,0,0.2182,0.9759,0,0,0.094,-0.0356,1],"rest":[1,0,0,0,0,0.9759,-0.2182,0,0,0.2182,0.9759,0,0,0.094,-0.0356,1],"parentBoneIndex":1,"length":0.1082
,"animation":{"dataType":3,"framePerSecond":30,"keys":[
{"frame":0,"values":[1,0,0,0,0,0.9759,-0.2182,0,0,0.2182,0.9759,0,0,0.094,-0.0356,1]},
{"frame":1,"values":[1,0,0,0,0,0.9759,-0.2182,0,0,0.2182,0.9759,0,0,0.094,-0.0356,1]},
{"frame":10,"values":[1,0,0,0,0,0.9759,-0.2182,0,0,0.2182,0.9759,0,0.0007,0.0998,-0.0151,1]},
{"frame":50,"values":[1,0,0,0,0,0.9759,-0.2182,0,0,0.2182,0.9759,0,0.0007,0.0998,-0.0151,1]},
{"frame":60,"values":[1,0,0,0,0,0.9759,-0.2182,0,0,0.2182,0.9759,0,0,0.094,-0.0356,1]},
{"frame":128,"values":[1,0,0,0,0,0.9759,-0.2181,0,0,0.2181,0.9759,0,0,0.094,-0.0356,1]},
{"frame":129,"values":[1,0,0,0,0,0.976,-0.2178,0,0,0.2178,0.976,0,0,0.094,-0.0356,1]},
{"frame":130,"values":[1,0,0,0,0,0.9761,-0.2173,0,0,0.2173,0.9761,0,0,0.094,-0.0356,1]},
{"frame":131,"values":[1,0,0,0,0,0.9763,-0.2165,0,0,0.2165,0.9763,0,0,0.094,-0.0356,1]},
{"frame":132,"values":[1,0,0,0,0,0.9765,-0.2155,0,0,0.2155,0.9765,0,0,0.094,-0.0356,1]},
{"frame":133,"values":[1,0,0,0,0,0.9768,-0.2143,0,0,0.2143,0.9768,0,0,0.094,-0.0356,1]},
{"frame":134,"values":[1,0,0,0,0,0.9771,-0.2129,0,0,0.2129,0.9771,0,0,0.094,-0.0356,1]},
{"frame":135,"values":[1,0,0,0,0,0.9774,-0.2113,0,0,0.2113,0.9774,0,0,0.094,-0.0356,1]},
{"frame":136,"values":[1,0,0,0,0,0.9778,-0.2095,0,0,0.2095,0.9778,0,0,0.094,-0.0356,1]},
{"frame":137,"values":[1,0,0,0,0,0.9783,-0.2074,0,0,0.2074,0.9783,0,0,0.094,-0.0356,1]},
{"frame":138,"values":[1,0,0,0,0,0.9787,-0.2052,0,0,0.2052,0.9787,0,0,0.094,-0.0356,1]},
{"frame":139,"values":[1,0,0,0,0,0.9792,-0.2027,0,0,0.2027,0.9792,0,0,0.094,-0.0356,1]},
{"frame":140,"values":[1,0,0,0,0,0.9798,-0.2001,0,0,0.2001,0.9798,0,0,0.094,-0.0356,1]},
{"frame":141,"values":[1,0,0,0,0,0.9804,-0.1972,0,0,0.1972,0.9804,0,0,0.094,-0.0356,1]},
{"frame":142,"values":[1,0,0,0,0,0.981,-0.1942,0,0,0.1942,0.981,0,0,0.094,-0.0356,1]},
{"frame":143,"values":[1,0,0,0,0,0.9816,-0.191,0,0,0.191,0.9816,0,0,0.094,-0.0356,1]},
{"frame":144,"values":[1,0,0,0,0,0.9822,-0.1877,0,0,0.1877,0.9822,0,0,0.094,-0.0356,1]},
{"frame":145,"values":[1,0,0,0,0,0.9829,-0.1842,0,0,0.1842,0.9829,0,0,0.094,-0.0356,1]},
{"frame":146,"values":[1,0,0,0,0,0.9835,-0.1807,0,0,0.1807,0.9835,0,0,0.094,-0.0356,1]},
{"frame":147,"values":[1,0,0,0,0,0.9842,-0.177,0,0,0.177,0.9842,0,0,0.094,-0.0356,1]},
{"frame":148,"values":[1,0,0,0,0,0.9849,-0.1732,0,0,0.1732,0.9849,0,0,0.094,-0.0356,1]},
{"frame":149,"values":[1,0,0,0,0,0.9856,-0.1693,0,0,0.1693,0.9856,0,0,0.094,-0.0356,1]},
{"frame":150,"values":[1,0,0,0,0,0.9862,-0.1654,0,0,0.1654,0.9862,0,0,0.094,-0.0356,1]},
{"frame":151,"values":[1,0,0,0,0,0.9869,-0.1615,0,0,0.1615,0.9869,0,0,0.094,-0.0356,1]},
{"frame":152,"values":[1,0,0,0,0,0.9875,-0.1575,0,0,0.1575,0.9875,0,0,0.094,-0.0356,1]},
{"frame":153,"values":[1,0,0,0,0,0.9881,-0.1536,0,0,0.1536,0.9881,0,0,0.094,-0.0356,1]},
{"frame":154,"values":[1,0,0,0,0,0.9887,-0.1496,0,0,0.1496,0.9887,0,0,0.094,-0.0356,1]},
{"frame":155,"values":[1,0,0,0,0,0.9893,-0.1458,0,0,0.1458,0.9893,0,0,0.094,-0.0356,1]},
{"frame":156,"values":[1,0,0,0,0,0.9899,-0.142,0,0,0.142,0.9899,0,0,0.094,-0.0356,1]},
{"frame":157,"values":[1,0,0,0,0,0.9904,-0.1382,0,0,0.1382,0.9904,0,0,0.094,-0.0356,1]},
{"frame":158,"values":[1,0,0,0,0,0.9909,-0.1346,0,0,0.1346,0.9909,0,0,0.094,-0.0356,1]},
{"frame":159,"values":[1,0,0,0,0,0.9914,-0.1311,0,0,0.1311,0.9914,0,0,0.094,-0.0356,1]},
{"frame":160,"values":[1,0,0,0,0,0.9918,-0.1278,0,0,0.1278,0.9918,0,0,0.094,-0.0356,1]},
{"frame":161,"values":[1,0,0,0,0,0.9922,-0.1246,0,0,0.1246,0.9922,0,0,0.094,-0.0356,1]},
{"frame":162,"values":[1,0,0,0,0,0.9926,-0.1215,0,0,0.1215,0.9926,0,0,0.094,-0.0356,1]},
{"frame":163,"values":[1,0,0,0,0,0.9929,-0.1186,0,0,0.1186,0.9929,0,0,0.094,-0.0356,1]},
{"frame":164,"values":[1,0,0,0,0,0.9933,-0.1159,0,0,0.1159,0.9933,0,0,0.094,-0.0356,1]},
{"frame":165,"values":[1,0,0,0,0,0.9935,-0.1135,0,0,0.1135,0.9935,0,0,0.094,-0.0356,1]},
{"frame":166,"values":[1,0,0,0,0,0.9938,-0.1112,0,0,0.1112,0.9938,0,0,0.094,-0.0356,1]},
{"frame":167,"values":[1,0,0,0,0,0.994,-0.1091,0,0,0.1091,0.994,0,0,0.094,-0.0356,1]},
{"frame":168,"values":[1,0,0,0,0,0.9942,-0.1072,0,0,0.1072,0.9942,0,0,0.094,-0.0356,1]},
{"frame":169,"values":[1,0,0,0,0,0.9944,-0.1056,0,0,0.1056,0.9944,0,0,0.094,-0.0356,1]},
{"frame":170,"values":[1,0,0,0,0,0.9946,-0.1041,0,0,0.1041,0.9946,0,0,0.094,-0.0356,1]},
{"frame":171,"values":[1,0,0,0,0,0.9947,-0.1029,0,0,0.1029,0.9947,0,0,0.094,-0.0356,1]},
{"frame":172,"values":[1,0,0,0,0,0.9948,-0.1019,0,0,0.1019,0.9948,0,0,0.094,-0.0356,1]},
{"frame":173,"values":[1,0,0,0,0,0.9949,-0.1011,0,0,0.1011,0.9949,0,0,0.094,-0.0356,1]},
{"frame":174,"values":[1,0,0,0,0,0.9949,-0.1006,0,0,0.1006,0.9949,0,0,0.094,-0.0356,1]},
{"frame":175,"values":[1,0,0,0,0,0.995,-0.1003,0,0,0.1003,0.995,0,0,0.094,-0.0356,1]},
{"frame":176,"values":[1,0,0,0,0,0.995,-0.1002,0,0,0.1002,0.995,0,0,0.094,-0.0356,1]},
{"frame":231,"values":[1,0,0,0,0,0.9949,-0.1005,0,0,0.1005,0.9949,0,0,0.094,-0.0356,1]},
{"frame":232,"values":[1,0,0,0,0,0.9949,-0.1009,0,0,0.1009,0.9949,0,0,0.094,-0.0356,1]},
{"frame":233,"values":[1,0,0,0,0,0.9948,-0.1015,0,0,0.1015,0.9948,0,0,0.094,-0.0356,1]},
{"frame":234,"values":[1,0,0,0,0,0.9948,-0.1023,0,0,0.1023,0.9948,0,0,0.094,-0.0356,1]},
{"frame":235,"values":[1,0,0,0,0,0.9947,-0.1033,0,0,0.1033,0.9947,0,0,0.094,-0.0356,1]},
{"frame":236,"values":[1,0,0,0,0,0.9945,-0.1044,0,0,0.1044,0.9945,0,0,0.094,-0.0356,1]},
{"frame":237,"values":[1,0,0,0,0,0.9944,-0.1057,0,0,0.1057,0.9944,0,0,0.094,-0.0356,1]},
{"frame":238,"values":[1,0,0,0,0,0.9942,-0.1072,0,0,0.1072,0.9942,0,0,0.094,-0.0356,1]},
{"frame":239,"values":[1,0,0,0,0,0.9941,-0.1089,0,0,0.1089,0.9941,0,0,0.094,-0.0356,1]},
{"frame":240,"values":[1,0,0,0,0,0.9939,-0.1107,0,0,0.1107,0.9939,0,0,0.094,-0.0356,1]},
{"frame":241,"values":[1,0,0,0,0,0.9936,-0.1127,0,0,0.1127,0.9936,0,0,0.094,-0.0356,1]},
{"frame":242,"values":[1,0,0,0,0,0.9934,-0.1149,0,0,0.1149,0.9934,0,0,0.094,-0.0356,1]},
{"frame":243,"values":[1,0,0,0,0,0.9931,-0.1172,0,0,0.1172,0.9931,0,0,0.094,-0.0356,1]},
{"frame":244,"values":[1,0,0,0,0,0.9928,-0.1197,0,0,0.1197,0.9928,0,0,0.094,-0.0356,1]},
{"frame":245,"values":[1,0,0,0,0,0.9925,-0.1223,0,0,0.1223,0.9925,0,0,0.094,-0.0356,1]},
{"frame":246,"values":[1,0,0,0,0,0.9922,-0.125,0,0,0.125,0.9922,0,0,0.094,-0.0356,1]},
{"frame":247,"values":[1,0,0,0,0,0.9918,-0.1279,0,0,0.1279,0.9918,0,0,0.094,-0.0356,1]},
{"frame":248,"values":[1,0,0,0,0,0.9914,-0.1309,0,0,0.1309,0.9914,0,0,0.094,-0.0356,1]},
{"frame":249,"values":[1,0,0,0,0,0.991,-0.134,0,0,0.134,0.991,0,0,0.094,-0.0356,1]},
{"frame":250,"values":[1,0,0,0,0,0.9905,-0.1372,0,0,0.1372,0.9905,0,0,0.094,-0.0356,1]},
{"frame":251,"values":[1,0,0,0,0,0.9901,-0.1405,0,0,0.1405,0.9901,0,0,0.094,-0.0356,1]},
{"frame":252,"values":[1,0,0,0,0,0.9896,-0.1438,0,0,0.1438,0.9896,0,0,0.094,-0.0356,1]},
{"frame":253,"values":[1,0,0,0,0,0.9891,-0.1472,0,0,0.1472,0.9891,0,0,0.094,-0.0356,1]},
{"frame":254,"values":[1,0,0,0,0,0.9886,-0.1507,0,0,0.1507,0.9886,0,0,0.094,-0.0356,1]},
{"frame":255,"values":[1,0,0,0,0,0.988,-0.1542,0,0,0.1542,0.988,0,0,0.094,-0.0356,1]},
{"frame":256,"values":[1,0,0,0,0,0.9875,-0.1577,0,0,0.1577,0.9875,0,0,0.094,-0.0356,1]},
{"frame":257,"values":[1,0,0,0,0,0.9869,-0.1612,0,0,0.1612,0.9869,0,0,0.094,-0.0356,1]},
{"frame":258,"values":[1,0,0,0,0,0.9863,-0.1648,0,0,0.1648,0.9863,0,0,0.094,-0.0356,1]},
{"frame":259,"values":[1,0,0,0,0,0.9857,-0.1682,0,0,0.1682,0.9857,0,0,0.094,-0.0356,1]},
{"frame":260,"values":[1,0,0,0,0,0.9851,-0.1717,0,0,0.1717,0.9851,0,0,0.094,-0.0356,1]},
{"frame":261,"values":[1,0,0,0,0,0.9845,-0.1751,0,0,0.1751,0.9845,0,0,0.094,-0.0356,1]},
{"frame":262,"values":[1,0,0,0,0,0.9839,-0.1784,0,0,0.1784,0.9839,0,0,0.094,-0.0356,1]},
{"frame":263,"values":[1,0,0,0,0,0.9834,-0.1817,0,0,0.1817,0.9834,0,0,0.094,-0.0356,1]},
{"frame":264,"values":[1,0,0,0,0,0.9828,-0.1849,0,0,0.1849,0.9828,0,0,0.094,-0.0356,1]},
{"frame":265,"values":[1,0,0,0,0,0.9822,-0.188,0,0,0.188,0.9822,0,0,0.094,-0.0356,1]},
{"frame":266,"values":[1,0,0,0,0,0.9816,-0.1909,0,0,0.1909,0.9816,0,0,0.094,-0.0356,1]},
{"frame":267,"values":[1,0,0,0,0,0.981,-0.1938,0,0,0.1938,0.981,0,0,0.094,-0.0356,1]},
{"frame":268,"values":[1,0,0,0,0,0.9805,-0.1965,0,0,0.1965,0.9805,0,0,0.094,-0.0356,1]},
{"frame":269,"values":[1,0,0,0,0,0.98,-0.199,0,0,0.199,0.98,0,0,0.094,-0.0356,1]},
{"frame":270,"values":[1,0,0,0,0,0.9795,-0.2015,0,0,0.2015,0.9795,0,0,0.094,-0.0356,1]},
{"frame":271,"values":[1,0,0,0,0,0.979,-0.2038,0,0,0.2038,0.979,0,0,0.094,-0.0356,1]},
{"frame":272,"values":[1,0,0,0,0,0.9786,-0.2059,0,0,0.2059,0.9786,0,0,0.094,-0.0356,1]},
{"frame":273,"values":[1,0,0,0,0,0.9782,-0.2078,0,0,0.2078,0.9782,0,0,0.094,-0.0356,1]},
{"frame":274,"values":[1,0,0,0,0,0.9778,-0.2096,0,0,0.2096,0.9778,0,0,0.094,-0.0356,1]},
{"frame":275,"values":[1,0,0,0,0,0.9774,-0.2113,0,0,0.2113,0.9774,0,0,0.094,-0.0356,1]},
{"frame":276,"values":[1,0,0,0,0,0.9771,-0.2127,0,0,0.2127,0.9771,0,0,0.094,-0.0356,1]},
{"frame":277,"values":[1,0,0,0,0,0.9768,-0.214,0,0,0.214,0.9768,0,0,0.094,-0.0356,1]},
{"frame":278,"values":[1,0,0,0,0,0.9766,-0.2152,0,0,0.2152,0.9766,0,0,0.094,-0.0356,1]},
{"frame":279,"values":[1,0,0,0,0,0.9764,-0.2161,0,0,0.2161,0.9764,0,0,0.094,-0.0356,1]},
{"frame":280,"values":[1,0,0,0,0,0.9762,-0.2169,0,0,0.2169,0.9762,0,0,0.094,-0.0356,1]},
{"frame":281,"values":[1,0,0,0,0,0.9761,-0.2175,0,0,0.2175,0.9761,0,0,0.094,-0.0356,1]},
{"frame":282,"values":[1,0,0,0,0,0.976,-0.2179,0,0,0.2179,0.976,0,0,0.094,-0.0356,1]},
{"frame":283,"values":[1,0,0,0,0,0.9759,-0.2182,0,0,0.2182,0.9759,0,0,0.094,-0.0356,1]},
{"frame":1050,"values":[1,0,0,0,0,0.9759,-0.2182,0,0,0.2182,0.9759,0,0,0.094,-0.0356,1]},
{"frame":1060,"values":[1,0,0,0,0,0.8391,-0.5439,0,0,0.5439,0.8391,0,0,0.1017,-0.036,1]},
{"frame":1062,"values":[1,0,0,0,0,0.8676,-0.4972,0,0,0.4972,0.8676,0,0,0.1024,-0.0368,1]},
{"frame":1063,"values":[1,0,0,0,0,0.9341,-0.3571,0,0,0.3571,0.9341,0,0,0.1048,-0.0391,1]},
{"frame":1064,"values":[1,0,0,0,0,0.984,-0.1783,0,0,0.1783,0.984,0,0,0.1085,-0.0416,1]},
{"frame":1065,"values":[1,0,0,0,0,0.9988,-0.0485,0,0,0.0485,0.9988,0,0,0.1124,-0.0431,1]},
{"frame":1066,"values":[1,0,0,0,0,0.9993,0.0369,0,0,-0.0369,0.9993,0,0,0.1225,-0.0259,1]},
{"frame":1067,"values":[1,0,0,0,0,0.9946,0.1042,0,0,-0.1042,0.9946,0,0,0.1303,-0.0083,1]},
{"frame":1068,"values":[1,0,0,0,0,0.9899,0.1418,0,0,-0.1418,0.9899,0,0,0.1149,-0.0289,1]},
{"frame":1069,"values":[1,0,0,0,0,0.9884,0.1521,0,0,-0.1521,0.9884,0,0,0.0994,-0.0495,1]},
{"frame":1070,"values":[1,0,0,0,0,0.9944,0.1053,0,0,-0.1053,0.9944,0,0,0.0996,-0.0479,1]},
{"frame":1071,"values":[1,0,0,0,0,0.9996,-0.0295,0,0,0.0295,0.9996,0,0,0.1005,-0.0437,1]},
{"frame":1072,"values":[1,0,0,0,0,0.9811,-0.1936,0,0,0.1936,0.9811,0,0,0.1014,-0.0395,1]},
{"frame":1073,"values":[1,0,0,0,0,0.9499,-0.3125,0,0,0.3125,0.9499,0,0,0.1017,-0.0379,1]},
{"frame":1074,"values":[1,0,0,0,0,0.9166,-0.3998,0,0,0.3998,0.9166,0,0,0.087,-0.0466,1]},
{"frame":1075,"values":[1,0,0,0,0,0.878,-0.4786,0,0,0.4786,0.878,0,0,0.0724,-0.0554,1]},
{"frame":1076,"values":[1,0,0,0,0,0.8488,-0.5287,0,0,0.5287,0.8488,0,0,0.0871,-0.0457,1]},
{"frame":1077,"values":[1,0,0,0,0,0.8391,-0.5439,0,0,0.5439,0.8391,0,0,0.1017,-0.036,1]},
{"frame":1078,"values":[1,0,0,0,0,0.8391,-0.5439,0,0,0.5439,0.8391,0,0,0.1017,-0.036,1]},
{"frame":1090,"values":[1,0,0,0,0,0.9759,-0.2182,0,0,0.2182,0.9759,0,0,0.094,-0.0356,1]},
{"frame":1092,"values":[1,0,0,0,0,0.9677,-0.252,0,0,0.252,0.9677,0,0,0.0933,-0.0368,1]},
{"frame":1093,"values":[1,0,0,0,0,0.9467,-0.322,0,0,0.322,0.9467,0,0,0.0917,-0.0392,1]},
{"frame":1094,"values":[1,0,0,0,0,0.9148,-0.4039,0,0,0.4039,0.9148,0,0,0.0897,-0.0422,1]},
{"frame":1095,"values":[1,0,0,0,0,0.8745,-0.485,0,0,0.485,0.8745,0,0,0.0877,-0.0452,1]},
{"frame":1096,"values":[1,0,0,0,0,0.8299,-0.5579,0,0,0.5579,0.8299,0,0,0.0859,-0.048,1]},
{"frame":1097,"values":[1,0,0,0,0,0.7861,-0.6181,0,0,0.6181,0.7861,0,0,0.0842,-0.0505,1]},
{"frame":1098,"values":[1,0,0,0,0,0.7485,-0.6631,0,0,0.6631,0.7485,0,0,0.0829,-0.0525,1]},
{"frame":1099,"values":[1,0,0,0,0,0.7224,-0.6915,0,0,0.6915,0.7224,0,0,0.0821,-0.0538,1]},
{"frame":1100,"values":[1,0,0,0,0,0.7126,-0.7015,0,0,0.7015,0.7126,0,0,0.0818,-0.0543,1]},
{"frame":1110,"values":[1,0,0,0,0,0.9759,-0.2182,0,0,0.2182,0.9759,0,0,0.094,-0.0356,1]},
{"frame":1150,"values":[1,0,0,0,0,0.9759,-0.2182,0,0,0.2182,0.9759,0,0,0.094,-0.0356,1]}],"loopBehavior":1,"name":"anim","property":"_matrix"}},
{"name":"Bauch.001","index":3,"matrix":[1,0,0,0,0,0.9992,-0.0412,0,0,0.0412,0.9992,0,0,0.1082,0,1],"rest":[1,0,0,0,0,0.9992,-0.0412,0,0,0.0412,0.9992,0,0,0.1082,0,1],"parentBoneIndex":2,"length":0.107
,"animation":{"dataType":3,"framePerSecond":30,"keys":[
{"frame":0,"values":[1,0,0,0,0,0.9992,-0.0412,0,0,0.0412,0.9992,0,0,0.1082,0,1]},
{"frame":1,"values":[1,0,0,0,0,0.9992,-0.0412,0,0,0.0412,0.9992,0,0,0.1082,0,1]},
{"frame":10,"values":[1,0,0,0,0,0.9992,-0.0412,0,0,0.0412,0.9992,0,-0.0007,0.1071,-0.0189,1]},
{"frame":50,"values":[1,0,0,0,0,0.9992,-0.0412,0,0,0.0412,0.9992,0,-0.0007,0.1071,-0.0189,1]},
{"frame":60,"values":[1,0,0,0,0,0.9992,-0.0412,0,0,0.0412,0.9992,0,0,0.1082,0,1]},
{"frame":128,"values":[1,0,0,0,0,0.9992,-0.0407,0,0,0.0407,0.9992,0,0,0.1082,0,1]},
{"frame":129,"values":[1,0,0,0,0,0.9992,-0.0391,0,0,0.0391,0.9992,0,0,0.1082,0,1]},
{"frame":130,"values":[1,0,0,0,0,0.9993,-0.0365,0,0,0.0365,0.9993,0,0,0.1082,0,1]},
{"frame":131,"values":[1,0,0,0,0,0.9995,-0.0328,0,0,0.0328,0.9995,0,0,0.1082,0,1]},
{"frame":132,"values":[1,0,0,0,0,0.9996,-0.0281,0,0,0.0281,0.9996,0,0,0.1082,0,1]},
{"frame":133,"values":[1,0,0,0,0,0.9998,-0.0223,0,0,0.0223,0.9998,0,0,0.1082,0,1]},
{"frame":134,"values":[1,0,0,0,0,0.9999,-0.0154,0,0,0.0154,0.9999,0,0,0.1082,0,1]},
{"frame":135,"values":[1,0,0,0,0,1,-0.0075,0,0,0.0075,1,0,0,0.1082,0,1]},
{"frame":136,"values":[1,0,0,0,0,1,0.0014,0,0,-0.0014,1,0,0,0.1082,0,1]},
{"frame":137,"values":[1,0,0,0,0,0.9999,0.0114,0,0,-0.0114,0.9999,0,0,0.1082,0,1]},
{"frame":138,"values":[1,0,0,0,0,0.9997,0.0224,0,0,-0.0224,0.9997,0,0,0.1082,0,1]},
{"frame":139,"values":[1,0,0,0,0,0.9994,0.0344,0,0,-0.0344,0.9994,0,0,0.1082,0,1]},
{"frame":140,"values":[1,0,0,0,0,0.9989,0.0473,0,0,-0.0473,0.9989,0,0,0.1082,0,1]},
{"frame":141,"values":[1,0,0,0,0,0.9981,0.0612,0,0,-0.0612,0.9981,0,0,0.1082,0,1]},
{"frame":142,"values":[1,0,0,0,0,0.9971,0.0759,0,0,-0.0759,0.9971,0,0,0.1082,0,1]},
{"frame":143,"values":[1,0,0,0,0,0.9958,0.0913,0,0,-0.0913,0.9958,0,0,0.1082,0,1]},
{"frame":144,"values":[1,0,0,0,0,0.9942,0.1075,0,0,-0.1075,0.9942,0,0,0.1082,0,1]},
{"frame":145,"values":[1,0,0,0,0,0.9922,0.1244,0,0,-0.1244,0.9922,0,0,0.1082,0,1]},
{"frame":146,"values":[1,0,0,0,0,0.9899,0.1418,0,0,-0.1418,0.9899,0,0,0.1082,0,1]},
{"frame":147,"values":[1,0,0,0,0,0.9872,0.1597,0,0,-0.1597,0.9872,0,0,0.1082,0,1]},
{"frame":148,"values":[1,0,0,0,0,0.984,0.178,0,0,-0.178,0.984,0,0,0.1082,0,1]},
{"frame":149,"values":[1,0,0,0,0,0.9805,0.1966,0,0,-0.1966,0.9805,0,0,0.1082,0,1]},
{"frame":150,"values":[1,0,0,0,0,0.9765,0.2153,0,0,-0.2153,0.9765,0,0,0.1082,0,1]},
{"frame":151,"values":[1,0,0,0,0,0.9722,0.2342,0,0,-0.2342,0.9722,0,0,0.1082,0,1]},
{"frame":152,"values":[1,0,0,0,0,0.9675,0.2529,0,0,-0.2529,0.9675,0,0,0.1082,0,1]},
{"frame":153,"values":[1,0,0,0,0,0.9624,0.2716,0,0,-0.2716,0.9624,0,0,0.1082,0,1]},
{"frame":154,"values":[1,0,0,0,0,0.957,0.2899,0,0,-0.2899,0.957,0,0,0.1082,0,1]},
{"frame":155,"values":[1,0,0,0,0,0.9514,0.308,0,0,-0.308,0.9514,0,0,0.1082,0,1]},
{"frame":156,"values":[1,0,0,0,0,0.9455,0.3256,0,0,-0.3256,0.9455,0,0,0.1082,0,1]},
{"frame":157,"values":[1,0,0,0,0,0.9395,0.3427,0,0,-0.3427,0.9395,0,0,0.1082,0,1]},
{"frame":158,"values":[1,0,0,0,0,0.9333,0.3591,0,0,-0.3591,0.9333,0,0,0.1082,0,1]},
{"frame":159,"values":[1,0,0,0,0,0.9271,0.3749,0,0,-0.3749,0.9271,0,0,0.1082,0,1]},
{"frame":160,"values":[1,0,0,0,0,0.9208,0.39,0,0,-0.39,0.9208,0,0,0.1082,0,1]},
{"frame":161,"values":[1,0,0,0,0,0.9147,0.4042,0,0,-0.4042,0.9147,0,0,0.1082,0,1]},
{"frame":162,"values":[1,0,0,0,0,0.9086,0.4176,0,0,-0.4176,0.9086,0,0,0.1082,0,1]},
{"frame":163,"values":[1,0,0,0,0,0.9027,0.4302,0,0,-0.4302,0.9027,0,0,0.1082,0,1]},
{"frame":164,"values":[1,0,0,0,0,0.8971,0.4418,0,0,-0.4418,0.8971,0,0,0.1082,0,1]},
{"frame":165,"values":[1,0,0,0,0,0.8917,0.4525,0,0,-0.4525,0.8917,0,0,0.1082,0,1]},
{"frame":166,"values":[1,0,0,0,0,0.8867,0.4623,0,0,-0.4623,0.8867,0,0,0.1082,0,1]},
{"frame":167,"values":[1,0,0,0,0,0.882,0.4712,0,0,-0.4712,0.882,0,0,0.1082,0,1]},
{"frame":168,"values":[1,0,0,0,0,0.8778,0.479,0,0,-0.479,0.8778,0,0,0.1082,0,1]},
{"frame":169,"values":[1,0,0,0,0,0.874,0.486,0,0,-0.486,0.874,0,0,0.1082,0,1]},
{"frame":170,"values":[1,0,0,0,0,0.8706,0.492,0,0,-0.492,0.8706,0,0,0.1082,0,1]},
{"frame":171,"values":[1,0,0,0,0,0.8678,0.497,0,0,-0.497,0.8678,0,0,0.1082,0,1]},
{"frame":172,"values":[1,0,0,0,0,0.8654,0.5011,0,0,-0.5011,0.8654,0,0,0.1082,0,1]},
{"frame":173,"values":[1,0,0,0,0,0.8635,0.5043,0,0,-0.5043,0.8635,0,0,0.1082,0,1]},
{"frame":174,"values":[1,0,0,0,0,0.8622,0.5065,0,0,-0.5065,0.8622,0,0,0.1082,0,1]},
{"frame":175,"values":[1,0,0,0,0,0.8614,0.5079,0,0,-0.5079,0.8614,0,0,0.1082,0,1]},
{"frame":176,"values":[1,0,0,0,0,0.8612,0.5083,0,0,-0.5083,0.8612,0,0,0.1082,0,1]},
{"frame":230,"values":[1,0,0,0,0,0.8614,0.508,0,0,-0.508,0.8614,0,0,0.1082,0,1]},
{"frame":231,"values":[1,0,0,0,0,0.862,0.5069,0,0,-0.5069,0.862,0,0,0.1082,0,1]},
{"frame":232,"values":[1,0,0,0,0,0.8631,0.5051,0,0,-0.5051,0.8631,0,0,0.1082,0,1]},
{"frame":233,"values":[1,0,0,0,0,0.8645,0.5026,0,0,-0.5026,0.8645,0,0,0.1082,0,1]},
{"frame":234,"values":[1,0,0,0,0,0.8664,0.4994,0,0,-0.4994,0.8664,0,0,0.1082,0,1]},
{"frame":235,"values":[1,0,0,0,0,0.8687,0.4954,0,0,-0.4954,0.8687,0,0,0.1082,0,1]},
{"frame":236,"values":[1,0,0,0,0,0.8714,0.4906,0,0,-0.4906,0.8714,0,0,0.1082,0,1]},
{"frame":237,"values":[1,0,0,0,0,0.8744,0.4851,0,0,-0.4851,0.8744,0,0,0.1082,0,1]},
{"frame":238,"values":[1,0,0,0,0,0.8779,0.4789,0,0,-0.4789,0.8779,0,0,0.1082,0,1]},
{"frame":239,"values":[1,0,0,0,0,0.8816,0.4719,0,0,-0.4719,0.8816,0,0,0.1082,0,1]},
{"frame":240,"values":[1,0,0,0,0,0.8857,0.4642,0,0,-0.4642,0.8857,0,0,0.1082,0,1]},
{"frame":241,"values":[1,0,0,0,0,0.8902,0.4557,0,0,-0.4557,0.8902,0,0,0.1082,0,1]},
{"frame":242,"values":[1,0,0,0,0,0.8948,0.4464,0,0,-0.4464,0.8948,0,0,0.1082,0,1]},
{"frame":243,"values":[1,0,0,0,0,0.8997,0.4364,0,0,-0.4364,0.8997,0,0,0.1082,0,1]},
{"frame":244,"values":[1,0,0,0,0,0.9049,0.4257,0,0,-0.4257,0.9049,0,0,0.1082,0,1]},
{"frame":245,"values":[1,0,0,0,0,0.9101,0.4143,0,0,-0.4143,0.9101,0,0,0.1082,0,1]},
{"frame":246,"values":[1,0,0,0,0,0.9156,0.4022,0,0,-0.4022,0.9156,0,0,0.1082,0,1]},
{"frame":247,"values":[1,0,0,0,0,0.9211,0.3894,0,0,-0.3894,0.9211,0,0,0.1082,0,1]},
{"frame":248,"values":[1,0,0,0,0,0.9266,0.376,0,0,-0.376,0.9266,0,0,0.1082,0,1]},
{"frame":249,"values":[1,0,0,0,0,0.9322,0.362,0,0,-0.362,0.9322,0,0,0.1082,0,1]},
{"frame":250,"values":[1,0,0,0,0,0.9377,0.3475,0,0,-0.3475,0.9377,0,0,0.1082,0,1]},
{"frame":251,"values":[1,0,0,0,0,0.9431,0.3325,0,0,-0.3325,0.9431,0,0,0.1082,0,1]},
{"frame":252,"values":[1,0,0,0,0,0.9484,0.317,0,0,-0.317,0.9484,0,0,0.1082,0,1]},
{"frame":253,"values":[1,0,0,0,0,0.9536,0.3011,0,0,-0.3011,0.9536,0,0,0.1082,0,1]},
{"frame":254,"values":[1,0,0,0,0,0.9585,0.285,0,0,-0.285,0.9585,0,0,0.1082,0,1]},
{"frame":255,"values":[1,0,0,0,0,0.9633,0.2685,0,0,-0.2685,0.9633,0,0,0.1082,0,1]},
{"frame":256,"values":[1,0,0,0,0,0.9678,0.2519,0,0,-0.2519,0.9678,0,0,0.1082,0,1]},
{"frame":257,"values":[1,0,0,0,0,0.972,0.2352,0,0,-0.2352,0.972,0,0,0.1082,0,1]},
{"frame":258,"values":[1,0,0,0,0,0.9759,0.2184,0,0,-0.2184,0.9759,0,0,0.1082,0,1]},
{"frame":259,"values":[1,0,0,0,0,0.9794,0.2017,0,0,-0.2017,0.9794,0,0,0.1082,0,1]},
{"frame":260,"values":[1,0,0,0,0,0.9827,0.1851,0,0,-0.1851,0.9827,0,0,0.1082,0,1]},
{"frame":261,"values":[1,0,0,0,0,0.9857,0.1687,0,0,-0.1687,0.9857,0,0,0.1082,0,1]},
{"frame":262,"values":[1,0,0,0,0,0.9883,0.1525,0,0,-0.1525,0.9883,0,0,0.1082,0,1]},
{"frame":263,"values":[1,0,0,0,0,0.9906,0.1367,0,0,-0.1367,0.9906,0,0,0.1082,0,1]},
{"frame":264,"values":[1,0,0,0,0,0.9926,0.1213,0,0,-0.1213,0.9926,0,0,0.1082,0,1]},
{"frame":265,"values":[1,0,0,0,0,0.9943,0.1063,0,0,-0.1063,0.9943,0,0,0.1082,0,1]},
{"frame":266,"values":[1,0,0,0,0,0.9958,0.0919,0,0,-0.0919,0.9958,0,0,0.1082,0,1]},
{"frame":267,"values":[1,0,0,0,0,0.9969,0.0781,0,0,-0.0781,0.9969,0,0,0.1082,0,1]},
{"frame":268,"values":[1,0,0,0,0,0.9979,0.0648,0,0,-0.0648,0.9979,0,0,0.1082,0,1]},
{"frame":269,"values":[1,0,0,0,0,0.9986,0.0523,0,0,-0.0523,0.9986,0,0,0.1082,0,1]},
{"frame":270,"values":[1,0,0,0,0,0.9992,0.0404,0,0,-0.0404,0.9992,0,0,0.1082,0,1]},
{"frame":271,"values":[1,0,0,0,0,0.9996,0.0293,0,0,-0.0293,0.9996,0,0,0.1082,0,1]},
{"frame":272,"values":[1,0,0,0,0,0.9998,0.0189,0,0,-0.0189,0.9998,0,0,0.1082,0,1]},
{"frame":273,"values":[1,0,0,0,0,1,0.0094,0,0,-0.0094,1,0,0,0.1082,0,1]},
{"frame":274,"values":[1,0,0,0,0,1,0.0006,0,0,-0.0006,1,0,0,0.1082,0,1]},
{"frame":275,"values":[1,0,0,0,0,1,-0.0074,0,0,0.0074,1,0,0,0.1082,0,1]},
{"frame":276,"values":[1,0,0,0,0,0.9999,-0.0145,0,0,0.0145,0.9999,0,0,0.1082,0,1]},
{"frame":277,"values":[1,0,0,0,0,0.9998,-0.0208,0,0,0.0208,0.9998,0,0,0.1082,0,1]},
{"frame":278,"values":[1,0,0,0,0,0.9997,-0.0262,0,0,0.0262,0.9997,0,0,0.1082,0,1]},
{"frame":279,"values":[1,0,0,0,0,0.9995,-0.0308,0,0,0.0308,0.9995,0,0,0.1082,0,1]},
{"frame":280,"values":[1,0,0,0,0,0.9994,-0.0345,0,0,0.0345,0.9994,0,0,0.1082,0,1]},
{"frame":281,"values":[1,0,0,0,0,0.9993,-0.0375,0,0,0.0375,0.9993,0,0,0.1082,0,1]},
{"frame":282,"values":[1,0,0,0,0,0.9992,-0.0395,0,0,0.0395,0.9992,0,0,0.1082,0,1]},
{"frame":283,"values":[1,0,0,0,0,0.9992,-0.0408,0,0,0.0408,0.9992,0,0,0.1082,0,1]},
{"frame":284,"values":[1,0,0,0,0,0.9992,-0.0412,0,0,0.0412,0.9992,0,0,0.1082,0,1]},
{"frame":1050,"values":[1,0,0,0,0,0.9992,-0.0412,0,0,0.0412,0.9992,0,0,0.1082,0,1]},
{"frame":1060,"values":[1,0,0,0,0,0.9754,-0.2203,0,0,0.2203,0.9754,0,0,0.0533,0.0244,1]},
{"frame":1062,"values":[1,0,0,0,0,0.9793,-0.2023,0,0,0.2023,0.9793,0,0,0.0538,0.0232,1]},
{"frame":1063,"values":[1,0,0,0,0,0.9883,-0.1524,0,0,0.1524,0.9883,0,0,0.0553,0.0194,1]},
{"frame":1064,"values":[1,0,0,0,0,0.9954,-0.096,0,0,0.096,0.9954,0,0,0.0573,0.0144,1]},
{"frame":1065,"values":[1,0,0,0,0,0.9981,-0.0622,0,0,0.0622,0.9981,0,0,0.059,0.0102,1]},
{"frame":1066,"values":[1,0,0,0,0,0.9989,-0.0464,0,0,0.0464,0.9989,0,0,0.0607,0.0059,1]},
{"frame":1067,"values":[1,0,0,0,0,0.9993,-0.037,0,0,0.037,0.9993,0,0,0.0627,0.0009,1]},
{"frame":1068,"values":[1,0,0,0,0,0.9994,-0.0338,0,0,0.0338,0.9994,0,0,0.0642,-0.0028,1]},
{"frame":1069,"values":[1,0,0,0,0,0.9994,-0.0334,0,0,0.0334,0.9994,0,0,0.0647,-0.0041,1]},
{"frame":1070,"values":[1,0,0,0,0,0.998,-0.0627,0,0,0.0627,0.998,0,0,0.064,0.0014,1]},
{"frame":1071,"values":[1,0,0,0,0,0.9903,-0.1389,0,0,0.1389,0.9903,0,0,0.062,0.0157,1]},
{"frame":1072,"values":[1,0,0,0,0,0.9768,-0.2142,0,0,0.2142,0.9768,0,0,0.0595,0.03,1]},
{"frame":1073,"values":[1,0,0,0,0,0.9701,-0.2427,0,0,0.2427,0.9701,0,0,0.0574,0.0356,1]},
{"frame":1074,"values":[1,0,0,0,0,0.9709,-0.2396,0,0,0.2396,0.9709,0,0,0.0558,0.0341,1]},
{"frame":1075,"values":[1,0,0,0,0,0.9728,-0.2315,0,0,0.2315,0.9728,0,0,0.0544,0.03,1]},
{"frame":1076,"values":[1,0,0,0,0,0.9747,-0.2234,0,0,0.2234,0.9747,0,0,0.0535,0.026,1]},
{"frame":1077,"values":[1,0,0,0,0,0.9754,-0.2203,0,0,0.2203,0.9754,0,0,0.0533,0.0244,1]},
{"frame":1078,"values":[1,0,0,0,0,0.9754,-0.2203,0,0,0.2203,0.9754,0,0,0.0533,0.0244,1]},
{"frame":1090,"values":[1,0,0,0,0,0.9992,-0.0412,0,0,0.0412,0.9992,0,0,0.1082,0,1]},
{"frame":1092,"values":[1,0,0,0,0,0.9998,-0.02,0,0,0.02,0.9998,0,0,0.106,-0.0003,1]},
{"frame":1093,"values":[1,0,0,0,0,0.9997,0.0244,0,0,-0.0244,0.9997,0,0,0.1013,-0.0008,1]},
{"frame":1094,"values":[1,0,0,0,0,0.997,0.0774,0,0,-0.0774,0.997,0,0,0.0958,-0.0015,1]},
{"frame":1095,"values":[1,0,0,0,0,0.9913,0.1317,0,0,-0.1317,0.9913,0,0,0.0901,-0.0022,1]},
{"frame":1096,"values":[1,0,0,0,0,0.9832,0.1826,0,0,-0.1826,0.9832,0,0,0.0847,-0.0028,1]},
{"frame":1097,"values":[1,0,0,0,0,0.974,0.2266,0,0,-0.2266,0.974,0,0,0.08,-0.0034,1]},
{"frame":1098,"values":[1,0,0,0,0,0.9653,0.2612,0,0,-0.2612,0.9653,0,0,0.0762,-0.0038,1]},
{"frame":1099,"values":[1,0,0,0,0,0.9589,0.2838,0,0,-0.2838,0.9589,0,0,0.0738,-0.0041,1]},
{"frame":1100,"values":[1,0,0,0,0,0.9564,0.2919,0,0,-0.2919,0.9564,0,0,0.0729,-0.0042,1]},
{"frame":1110,"values":[1,0,0,0,0,0.9992,-0.0412,0,0,0.0412,0.9992,0,0,0.1082,0,1]},
